100 100
-72 69 -16 56 -98 26 -76 -3 -47 48 92 -82 -47 97 -17 -27 57 91 -10 -67 61 11 -64 90 74 -44 -69 64 12 44 41 -93 5 61 10 3 69 99 -85 -67 -59 -79 -54 84 41 -78 2 91 -22 -9 -3 15 -91 -76 -68 -72 -12 -12 -49 6 -64 -36 48 -70 33 9 -54 2 81 85 -80 41 -54 -7 -29 -61 45 -38 50 73 -51 -48 98 -23 -43 78 55 92 82 -27 -25 9 82 -31 80 86 89 -38 -33 91 
-80 -13 60 44 43 -70 -8 16 -25 -15 -66 -61 42 -86 26 29 -80 47 -3 -79 -29 28 49 30 69 -84 -56 -70 82 100 24 -68 -82 93 41 24 -65 -6 85 81 47 -85 76 50 -42 -78 3 55 11 96 85 18 -50 -52 47 -69 13 -5 -82 90 53 -36 77 -20 5 91 -18 8 6 34 -33 -30 21 8 1 41 -64 -76 -63 12 54 87 99 -24 12 29 -78 -68 -58 46 -76 -28 -24 52 -5 20 -32 -50 -51 -70 
-20 23 -55 37 37 -8 19 -26 58 -78 95 -73 -81 83 82 89 44 51 73 -35 29 11 91 -22 -15 -5 77 21 -15 -45 -21 9 -28 76 89 3 78 -95 -98 24 46 -18 87 97 94 -39 -16 57 -2 25 -82 81 -97 34 90 -29 -86 45 44 -22 -69 5 -29 4 -19 97 6 27 38 -67 61 -60 3 77 -35 -87 66 82 23 -20 18 -44 96 -76 98 11 39 63 34 81 -91 -53 98 75 -71 -81 -77 68 48 27 
74 -53 66 13 -44 -70 -95 -39 -25 55 -15 96 25 -91 -20 -59 -75 37 16 -86 69 50 -84 -91 -38 77 -24 69 -97 -76 -46 -93 62 -18 -43 -55 -3 57 -42 -66 -93 65 -60 -22 -55 -48 -82 -78 19 -93 -49 16 -24 -42 -65 16 -53 -33 -71 45 -63 12 36 -67 -60 -100 -57 -7 0 -83 -98 -34 97 75 -41 20 -18 -13 96 71 24 13 1 96 -63 -89 -22 -21 63 34 -78 -92 84 -86 6 79 46 3 -46 -21 
87 99 71 79 -32 -48 -52 49 -42 -72 -66 -1 82 3 -40 -38 53 -4 -58 -97 -78 58 98 49 54 -19 -91 -55 -34 -46 -48 -50 7 61 34 3 -39 -89 -30 -38 -30 89 23 -97 91 -78 -39 71 -18 79 -84 25 0 21 25 -58 17 50 -5 30 -68 35 46 -81 75 -8 91 -68 -83 -80 -25 62 23 -37 -93 93 68 -67 -36 -96 -13 -19 -32 60 -96 80 36 70 -31 69 34 99 -36 64 -29 88 -5 26 83 25 
3 3 70 11 -92 59 -86 -86 -49 8 16 45 -66 38 16 -21 -94 -56 20 -47 -14 31 -94 -61 -98 -92 39 68 96 26 -55 70 -57 -71 80 -65 -21 -87 -39 -85 -71 -27 57 -56 71 20 99 73 -79 91 79 86 1 76 -61 22 -1 32 -50 47 41 -58 54 -74 45 -56 -52 -30 93 -9 -69 -59 71 19 -28 15 22 -91 37 53 -8 -27 -47 -96 -23 -81 100 -89 76 19 12 54 0 21 -46 58 81 44 29 26 
6 89 64 56 50 -80 -18 2 23 5 -65 13 50 100 -43 -4 -95 86 -53 -27 -86 85 -3 -23 68 -76 -12 -92 -4 -42 -30 -50 31 -93 -16 -52 93 78 15 78 74 45 94 -19 -74 30 51 -79 -85 43 77 93 -73 11 37 70 -33 92 -81 67 27 -36 27 -24 -44 96 62 87 -10 -86 16 -82 30 -90 -28 -46 -79 40 9 16 -33 67 -31 20 -98 61 60 13 -11 30 -60 -100 80 49 98 76 56 -15 -94 32 
-22 -42 -82 -7 2 33 4 57 -24 -85 30 -79 -9 -5 49 89 47 -53 -73 41 -18 26 73 27 -5 54 -64 52 -79 -28 67 -45 55 -44 -80 57 67 85 -82 -44 -86 -12 -80 8 48 -38 -69 74 94 12 48 17 95 -59 21 35 -43 -92 -52 28 71 100 68 32 44 10 -7 35 7 -20 2 -98 76 -61 -6 56 81 -80 -17 -3 36 8 -92 -36 6 -4 44 71 -4 60 -60 -2 -15 40 94 33 -71 -51 -30 -28 
36 -75 -84 42 65 19 90 74 71 54 -39 21 -93 12 49 -65 -52 7 -81 86 -78 83 55 -20 78 68 -17 11 -64 -7 55 3 58 83 19 -33 -71 -47 100 -64 56 -38 -45 86 -82 21 -17 -23 -69 26 -67 48 84 48 -44 -52 -81 -7 -67 68 -99 23 5 50 -76 -89 8 71 -5 -89 59 -89 0 -52 -1 8 80 35 -34 12 -60 11 -54 7 34 -97 -79 50 62 -58 21 -31 99 -69 -19 -15 -77 -46 -93 -11 
45 -97 -8 -4 18 -59 -74 66 7 -61 56 -95 -10 25 81 -51 39 66 -40 -84 36 30 -28 84 0 -46 -15 -47 -85 64 65 -94 44 -65 11 -4 -37 32 29 47 50 -56 -89 40 -5 -17 -41 61 33 16 25 60 89 -52 75 -49 24 -58 63 16 53 41 78 -69 -13 -65 -1 -15 15 -39 84 -27 -4 20 -88 94 -1 17 65 79 0 -1 -20 23 -91 -79 66 -69 28 79 17 -10 -75 87 93 -43 45 31 81 -4 
-74 44 -16 -22 -82 1 -86 94 2 -89 36 97 -61 -83 -82 31 -71 55 100 -60 -48 92 -62 -54 -93 39 7 -39 8 36 -94 -61 37 53 -27 57 -72 -66 -69 75 -4 -71 -63 -60 28 -77 86 41 -34 -54 24 51 87 -22 68 -35 54 24 26 -94 53 -7 -18 86 87 7 -63 -2 47 -58 -82 -58 26 -80 -4 98 -62 34 92 -77 19 72 -17 75 8 22 -25 39 -9 -16 1 76 -29 21 46 -87 18 -53 64 -24 
-92 76 69 99 -3 -95 89 14 8 -2 1 -44 21 73 48 -24 80 -41 -44 48 64 82 98 38 -93 89 96 19 -45 -40 88 -56 40 15 54 5 -34 99 66 -42 -68 79 -82 79 10 -94 -50 73 -26 38 47 94 -59 -95 36 93 23 93 100 19 -96 50 -94 -23 70 -48 61 77 76 -11 2 56 58 89 73 -67 -63 36 87 -60 77 -83 -87 71 -85 -7 -27 85 -76 94 34 72 19 -69 28 44 -78 64 -72 96 
-83 -26 77 46 -46 -36 70 39 3 23 -91 -44 13 70 73 -17 17 88 35 -7 -22 -95 65 -59 -25 8 25 55 -45 -88 -73 -78 20 -54 17 8 -98 -64 -68 36 0 6 1 14 11 50 -41 -99 -90 -19 -65 -91 76 91 -17 37 -34 -57 -23 92 79 -46 -74 0 88 -40 88 83 -95 49 -47 68 -33 83 -23 60 -72 -23 -23 81 -38 22 25 44 71 31 38 94 75 8 86 -46 -45 -41 74 51 42 46 64 21 
-34 19 -70 -55 -84 16 23 64 24 95 71 83 12 85 76 -99 -96 23 -85 -98 -8 -85 -29 93 22 53 -43 54 66 -13 -58 -18 -34 -35 -94 -14 86 -20 83 -98 76 -39 48 -39 -45 65 62 30 -63 -88 86 -55 -57 0 -22 -21 63 54 -16 54 2 -50 -15 -100 61 -3 -8 -91 28 -71 -71 -31 -1 50 -53 -2 -57 17 61 54 11 75 15 33 63 8 85 -78 56 -26 48 -72 32 43 48 -11 88 60 -41 18 
-84 43 94 -99 5 -52 -32 -49 -3 38 42 32 -83 78 33 98 -96 22 19 -84 85 -93 10 -23 -3 98 92 -56 -42 60 8 15 73 -95 57 -63 6 44 -32 -46 -18 -38 84 -27 97 3 -17 41 -80 -58 -44 -43 -16 2 33 -73 -70 -54 87 -90 85 97 -40 9 -57 2 15 45 81 -43 50 45 9 -1 47 45 -3 71 -58 -25 -32 1 10 7 35 -28 -17 -19 2 -31 -54 -4 65 89 91 -86 26 49 -41 -95 
9 12 -66 -47 -48 22 -95 48 -70 23 -67 -100 33 17 -14 83 -75 -43 -11 85 19 -29 -12 11 33 -36 80 42 2 18 -5 38 -44 80 -93 75 -10 -72 26 -67 -11 3 12 -70 -43 -16 28 -74 60 -39 -6 -96 -46 55 18 -94 53 -69 45 3 -32 -77 -81 22 -83 10 -22 35 -97 -17 -54 31 -93 -85 72 -33 35 10 92 -55 -40 -38 19 -14 -59 -42 -12 41 40 75 25 -94 -63 -59 -84 60 77 -4 -95 30 
-50 50 49 -97 -65 20 66 70 -2 10 -100 64 39 25 -15 81 71 83 40 -44 67 27 68 19 -23 51 -94 -69 -54 -14 -52 -43 95 54 -65 13 -67 -32 98 62 -20 -60 26 -55 97 -50 48 -38 98 -64 -100 -71 -75 -14 -35 -14 45 63 -66 72 2 -14 -17 32 -49 24 20 -99 -71 55 53 29 -51 -77 43 94 20 37 9 -33 -44 -54 -18 2 -47 67 20 -12 -93 88 63 20 51 -4 -55 -2 -56 -58 99 -28 
-56 -75 -92 88 -48 38 65 55 -86 -34 16 -56 16 57 -76 -72 -100 26 100 -91 41 -66 -99 68 0 -20 -29 -55 46 -23 46 20 66 41 -55 20 -40 51 45 46 -69 -81 -3 0 65 6 4 -15 -76 -80 -65 23 48 -24 -43 74 68 5 50 -8 70 -39 -83 34 22 14 9 45 1 21 40 98 -65 -26 -76 -55 -78 -79 -34 76 -21 46 -70 -97 -47 -12 12 34 61 51 9 19 -60 -58 -38 -57 90 -100 93 -27 
-32 -50 16 -61 60 -99 -13 -72 4 -48 42 -14 -74 31 31 -5 -54 90 -56 52 84 6 -30 28 49 65 -88 -51 11 9 -6 -93 13 83 -75 -50 73 -38 99 32 78 72 -28 7 -14 -14 7 90 57 25 9 -7 81 84 -20 -29 81 -68 -17 -64 44 -47 50 -30 68 84 35 -59 90 56 63 87 37 7 -25 -94 50 84 67 63 48 87 -80 64 -30 -92 91 87 -55 -56 65 22 5 -87 92 -17 41 74 -31 -31 
17 48 54 53 -87 99 8 -1 46 -2 97 -72 13 -88 -85 -57 -70 -5 42 54 -15 66 87 -12 93 61 1 -48 -25 -92 -80 -76 -96 49 -41 -63 -1 -13 -70 99 62 72 -91 -56 -81 -27 43 0 -28 -87 36 62 72 -37 9 44 86 -90 -39 2 -55 -3 -31 -6 -61 -5 -97 36 63 -54 35 -77 42 46 -70 -25 -55 7 17 -54 -76 84 8 25 72 77 -90 -12 -13 -69 11 -68 3 -41 11 -32 -43 -8 -16 -3 
98 61 53 48 -8 46 85 -69 90 -8 -11 19 4 50 32 49 57 -38 -56 0 42 -42 -51 -100 -14 92 -62 -55 -99 -61 -77 61 -70 -71 12 -35 29 80 -38 9 -38 6 -28 83 -29 -66 -39 34 -65 -24 -8 -50 -40 12 -66 -76 8 -16 -37 -35 7 94 -25 12 74 23 -86 70 79 77 -53 56 34 25 2 11 -8 -4 74 56 -62 49 45 -80 40 -100 -53 49 53 52 -54 6 -34 -88 85 25 -78 -68 34 -9 
-37 -49 35 87 70 -4 17 -92 45 64 66 85 -22 -57 -10 -51 13 -95 -49 -4 -6 -26 -21 -64 -71 15 7 -88 -23 -20 8 -17 -75 -18 -46 21 -44 6 -24 18 -59 5 15 -9 70 97 18 -79 66 -86 0 -16 12 -26 67 -84 -21 54 -6 54 -82 32 41 78 -54 69 -46 100 33 -82 -56 -19 -45 -63 13 -24 5 38 52 47 -28 -62 62 -18 24 -39 60 66 19 -69 -35 -78 43 -70 26 -60 46 70 -8 75 
-1 49 -13 -52 77 47 83 24 -13 -26 91 33 -67 33 -81 -18 -38 59 -48 -7 -4 42 37 -65 -47 -45 28 -74 56 78 14 21 -14 64 49 62 37 -34 -56 -100 7 -79 24 14 -72 -53 4 -25 30 78 46 -37 -84 -10 24 61 87 11 -97 20 55 63 -84 90 20 2 -99 -55 -31 56 50 -62 -7 72 69 33 -10 -91 36 77 38 -77 -3 -57 -95 92 -40 80 20 -20 -80 61 67 76 -3 48 83 14 69 -92 
-53 63 -35 -71 -28 -26 -40 -29 36 75 33 97 -99 59 0 -92 -53 60 -46 6 88 88 74 34 93 75 -23 -73 -53 58 -56 67 -13 36 -75 47 30 53 34 -20 -35 -32 -36 73 -36 71 73 -48 78 -50 56 -18 51 -28 83 -6 -50 -50 -27 -70 -78 -9 -96 -78 -66 -3 -93 -73 -45 12 -37 -31 74 -74 41 -45 -23 57 53 -2 50 56 58 18 62 -60 38 -11 -52 85 -79 -53 5 94 -24 62 31 -96 -54 14 
-65 31 17 48 -22 -19 -68 -9 -13 -73 -72 -72 -79 39 -52 3 -86 25 -58 -29 38 31 -9 83 -61 -31 6 -60 -41 38 -53 -69 69 -7 41 53 -41 24 -84 -70 43 -25 -1 -33 77 -78 -50 -64 -29 -47 95 34 14 -72 9 -80 -48 -83 -12 -26 -26 85 -25 -71 32 -21 -3 -37 -18 78 49 -22 -63 27 52 76 -5 29 -48 -56 38 6 73 59 69 95 75 5 -31 82 -64 -47 52 43 39 20 -86 34 -26 -6 
-37 90 -58 49 46 -5 -21 -52 -69 89 11 39 32 -90 63 -82 -50 9 91 49 -20 -97 48 45 -1 -34 42 -76 17 100 82 -16 15 53 -38 64 -79 6 -7 97 92 -100 -15 54 26 -68 10 79 -57 -26 -2 -71 -93 92 -58 32 89 41 -26 -40 -10 -8 10 3 85 5 -40 -99 10 -8 44 72 0 63 47 7 84 42 71 -60 48 76 81 -3 9 -10 -37 -78 37 89 -98 18 57 4 -21 -27 -53 29 29 15 
-34 3 49 32 -78 80 37 42 3 -32 12 -70 -93 -93 -83 -14 -9 72 2 73 85 24 -61 -17 -37 -30 -96 60 -26 -81 -44 -20 70 -100 -15 27 27 16 -28 92 -1 -72 54 -100 14 77 20 87 -88 49 87 -80 -5 -74 -22 -100 39 -92 11 -92 34 54 -49 -77 -42 -51 -84 47 -30 -1 12 41 -41 19 -12 93 -89 6 71 -5 -96 100 -30 -51 21 -100 -84 -48 -68 28 -23 80 99 94 74 -77 29 86 42 -80 
-45 39 -39 -87 99 -31 32 -73 -83 -23 89 20 6 -54 34 32 -66 14 44 40 -73 80 23 96 -32 56 -93 -19 69 72 16 67 0 28 -94 -27 43 -14 -43 46 -32 -16 28 -11 -50 31 17 -50 64 -19 -30 46 77 -43 47 -77 -76 64 75 47 -23 95 85 71 84 74 32 80 -64 -29 -27 55 74 -73 65 -55 84 -16 58 -41 49 -90 4 -95 -29 -13 65 99 50 62 42 -72 -98 95 34 78 74 91 41 0 
-81 56 -7 83 23 18 -32 28 -57 -87 28 -50 -56 -86 34 1 19 18 -19 94 22 -27 -68 -63 23 -8 -33 -7 84 30 57 -9 79 84 -32 -45 36 69 42 -54 -68 -40 53 -66 43 32 -55 -60 -79 79 -56 -57 34 47 39 10 -40 13 -81 -1 -63 64 -44 -80 71 71 -86 -16 83 -22 -71 -50 -76 -6 -87 17 42 -22 14 -35 -33 -64 90 30 -68 7 28 -83 65 -42 47 97 -76 49 76 35 -84 -75 -89 48 
-24 -22 65 20 -23 -55 -49 36 -70 10 65 83 83 99 -62 -76 -5 43 -81 79 -38 -17 3 -70 2 66 -13 -26 -33 -59 20 78 -73 41 48 -84 15 80 36 -94 -15 -27 -62 -50 76 72 -84 -33 96 -12 -77 27 77 5 -100 56 79 59 -5 -21 13 88 -93 57 7 1 71 -14 -29 -18 27 -82 16 46 -69 99 -44 -70 -44 -53 -86 -32 -32 -51 16 26 -21 -74 -10 82 10 -80 -31 -29 29 34 25 42 57 60 
83 34 -59 18 38 81 -57 11 95 -37 -30 40 -68 71 93 -97 100 -96 -17 49 -12 -73 58 74 70 60 80 -58 -71 -4 67 21 48 23 -85 27 47 89 84 48 25 35 35 -38 -83 91 61 -43 58 -54 -15 71 53 -11 -71 -65 45 94 54 -33 45 51 -80 69 47 -26 -82 57 39 -4 69 59 -7 70 68 -91 35 -23 -43 -75 -35 96 -39 -81 -68 -56 2 22 0 62 20 -14 -51 42 -70 8 21 -28 -77 -47 
-24 -62 -41 58 -78 -9 -91 -92 -76 -88 -99 -76 26 50 30 -33 96 6 27 19 -4 70 -25 26 -97 90 7 13 90 -95 99 -91 -21 0 -23 -56 49 85 47 -44 92 1 20 -82 -52 -40 9 74 -32 -2 11 69 -15 -11 -79 70 -19 -90 46 82 9 -68 93 -51 23 31 -30 -85 -24 79 -85 -57 -90 91 -2 -74 -42 51 -95 -84 65 83 36 13 76 35 -66 -64 6 44 -83 -23 59 55 -100 81 -67 -86 71 72 
71 -80 -18 41 85 -52 -70 -24 -26 95 100 -42 95 8 7 -84 15 -9 -6 -43 -82 -96 56 46 28 -74 63 -3 62 -56 34 -88 -48 68 49 -4 -93 46 23 31 -12 -70 -47 -98 -19 9 45 67 31 88 -29 -59 39 41 -41 -80 -39 99 -81 24 88 -92 76 -66 12 -88 -78 17 25 34 -79 94 42 -10 -97 30 53 62 -91 74 -42 -24 -82 22 -75 79 59 -32 69 -64 40 -79 84 42 49 -90 64 84 -42 -49 
-100 98 29 -69 62 79 35 -15 -26 -17 -68 27 75 96 56 -14 73 -44 93 99 95 44 -6 45 84 -48 -61 -26 26 -7 -24 27 -87 90 24 86 10 -82 -22 58 -78 75 27 63 -23 24 31 -23 68 -46 -1 95 61 -86 54 -86 -35 -60 0 -22 -2 -50 -25 -97 51 59 -42 45 55 55 -81 -76 -99 70 -50 68 -90 -98 15 48 -34 86 -20 -33 -97 -91 -12 -10 44 13 44 70 -88 -38 16 62 75 -3 -67 -88 
-2 -65 90 70 -30 -75 -80 18 -41 79 -78 -81 -6 -82 88 48 19 39 -24 -65 -26 52 73 75 -12 72 33 -74 -62 27 -39 -80 3 24 -48 -96 22 -99 -30 14 -49 -89 38 94 -65 -63 -63 -25 -50 -19 -44 83 -90 0 -99 -99 -55 57 95 75 -41 -1 -31 -12 42 -100 98 -62 -92 -51 12 -90 47 83 89 -4 65 -27 -48 93 -60 21 -31 -46 -8 90 97 -47 33 39 -89 6 -93 -90 62 58 -40 -38 -29 92 
62 -24 -55 -73 -14 -31 -86 -87 -97 -35 -33 -18 -89 -49 21 16 -89 -6 -95 -99 70 26 3 -69 -69 31 52 -17 -65 -73 -63 -21 -61 93 85 -62 80 -28 -58 40 37 -43 -90 -97 -71 19 96 -41 11 3 39 29 71 -89 13 5 92 30 68 96 51 -3 -6 -13 98 19 -89 -59 -9 -75 60 49 35 2 47 -91 -88 -34 -66 66 77 78 60 67 12 55 -70 18 3 -31 24 81 -88 34 15 75 -59 77 30 -72 
-80 95 -38 -74 -41 10 -89 67 48 -13 -28 -33 12 -50 -76 58 66 -79 11 -55 -47 52 74 -22 -28 44 48 42 78 53 -65 100 70 4 -84 85 27 54 -62 68 -52 -63 43 -9 76 -89 -98 -98 -83 -84 -54 33 -61 -33 -91 -19 90 85 53 6 -76 -37 26 -27 31 -92 3 -37 43 7 78 -40 79 -76 -12 -86 86 -59 77 19 -93 25 11 50 39 55 -18 -55 -29 -56 -92 -9 76 9 -28 -100 19 19 70 -89 
21 -60 32 -59 -100 -88 91 26 53 37 1 -27 83 -48 -71 -42 -78 -64 5 -50 -46 60 -78 66 -58 23 -35 71 78 -24 2 53 43 -97 82 90 -28 89 82 -43 -14 -10 -87 -40 87 23 32 -67 -84 26 100 -42 -81 -67 50 73 32 35 58 83 87 47 -6 -47 21 -65 19 9 -58 98 -80 61 96 70 99 82 47 6 49 18 54 -20 47 -71 -51 24 26 88 -19 -97 -60 83 -4 -70 65 -85 -90 86 -62 -65 
92 -91 8 -40 32 -35 17 28 27 48 -52 -15 59 -3 2 11 46 64 35 -22 -54 34 44 -69 -34 29 -88 6 -86 -92 -77 -46 74 -90 95 -91 52 -85 -76 44 -10 77 25 32 81 -76 -25 -19 61 -87 -32 -81 11 -50 -100 79 -64 -66 -92 -93 91 7 -23 -93 -20 -54 -67 71 -23 -63 -99 -26 -5 -39 -40 31 -18 -97 93 -6 94 57 -11 -24 51 -73 57 -58 91 -52 -33 18 -9 10 -23 -1 43 12 -7 -44 
68 -49 60 -19 44 76 -41 67 29 11 -51 -18 77 86 34 4 -41 95 -65 -3 -47 -23 76 17 -52 -61 77 11 -59 90 -39 -27 22 75 -63 -31 -70 -60 54 12 67 83 75 0 10 -40 100 -62 -74 53 -48 -76 72 -26 -83 31 -38 8 -75 79 62 -15 93 -33 -28 -13 -92 -61 30 -30 8 -52 23 -45 51 28 21 44 77 22 -6 -79 -59 66 -2 30 15 -43 -19 94 9 21 23 3 -1 30 8 -20 99 96 
-52 56 98 -32 -31 -46 91 32 34 -50 -70 10 -39 43 81 -91 -77 21 13 30 1 -56 -30 -14 -18 43 92 25 65 -15 -58 55 88 -79 30 85 6 -5 11 9 -46 88 57 -31 36 -7 65 -78 53 -97 -20 -72 -42 -98 -16 75 -15 -34 -16 76 -84 -74 42 -44 83 76 -80 81 41 38 -41 -14 53 -29 47 87 72 -43 20 -12 -8 -44 44 45 17 -43 57 51 12 62 22 -19 -19 -51 -42 -53 80 47 44 -95 
-7 -36 -43 72 -91 -75 68 -16 29 76 42 92 -57 47 37 31 41 7 -12 97 -88 -36 -84 -37 81 -69 -78 46 8 54 14 -18 -39 38 96 82 61 -48 72 10 -50 72 -63 -63 -59 -63 76 -27 59 -95 -65 6 81 98 51 50 -42 -96 89 -44 74 -73 -46 -28 -84 76 10 27 24 -11 -73 0 -62 74 -29 -30 -4 -17 -37 -19 -26 5 8 -25 -68 -44 -37 35 30 78 53 64 82 100 12 46 55 -80 -5 -84 
-38 27 -2 5 -18 -70 -96 80 99 7 30 78 -61 91 -16 -61 -81 15 95 52 1 78 -69 -56 84 17 63 11 10 100 64 -32 -6 12 -40 -35 66 -75 -22 -10 67 -92 30 -17 59 49 -59 21 23 -81 -28 -25 75 39 -72 88 -96 -57 2 48 98 -70 -60 89 -23 -47 -2 75 -13 21 -60 -51 -47 -5 17 41 -2 89 -14 31 38 53 -61 -7 44 -67 -21 83 6 5 15 50 64 15 95 -76 83 86 -92 -75 
-72 -96 -14 90 -31 14 91 -23 44 41 100 49 6 -19 7 -89 -69 -40 -70 58 57 63 57 -4 28 52 84 -56 -88 -41 -53 -86 -6 -77 2 41 46 -6 -95 1 -85 -99 4 24 24 -78 -36 28 -67 14 -8 61 48 -45 80 -29 -80 32 18 69 27 -39 -89 -29 92 60 39 -56 -14 79 -39 -78 52 -84 39 28 -42 -15 -89 66 99 -56 -28 -37 -33 -55 -40 88 75 -42 97 -41 25 -93 47 88 -66 -18 30 -92 
-100 -81 -99 -48 26 -51 -96 69 -27 81 -89 -13 -55 -99 -64 -63 72 100 74 -30 -37 -80 75 7 45 -13 60 -46 46 73 24 -80 83 56 85 -27 -59 -19 -26 75 -57 67 34 23 -43 -87 -74 13 -21 20 -99 -90 -20 1 66 -4 75 -50 89 24 27 -90 25 -11 94 -27 -95 10 -77 40 -41 -82 1 16 -68 -99 47 -51 -12 -68 -95 70 -88 -6 -41 -50 5 37 53 58 45 -13 91 82 -66 90 50 -77 29 -17 
-7 -43 -87 74 92 42 -11 -77 48 -81 11 -88 87 -77 -20 58 91 -4 -87 2 -36 69 -16 12 45 11 -34 21 -57 -6 100 -41 62 -81 3 7 -54 77 89 40 -61 6 -95 1 87 -35 -89 57 -7 97 14 11 37 97 12 0 18 88 -73 43 -61 -43 81 -97 -71 74 -38 40 -47 66 0 -45 59 29 42 -91 0 20 68 -20 -59 93 4 -67 45 69 86 -78 74 75 75 13 -48 -7 -47 52 44 8 71 -17 
36 67 -50 76 0 -59 -85 40 17 -30 -14 -62 -31 -32 74 -44 27 -25 63 -76 -91 65 -14 -5 63 -14 -12 14 -89 52 24 55 -98 -61 38 -57 -43 21 -40 -61 -77 -2 -57 -56 -67 -42 36 98 42 3 -14 -6 -96 20 88 -26 41 -9 -17 -54 39 92 93 34 62 72 39 -95 27 11 -2 -51 31 31 83 65 -82 -80 -51 33 -43 60 45 69 99 13 -3 -26 60 54 10 59 -2 51 -33 -5 16 80 -45 23 
36 -14 59 -59 -48 72 69 -80 26 89 -29 -42 30 -99 34 28 -37 14 -48 44 71 -68 50 79 64 -77 -45 67 82 21 -14 -92 45 99 -67 -15 8 43 13 73 8 -32 -3 53 -76 83 -66 -23 94 -14 -29 12 29 16 -95 84 -58 1 91 -14 83 2 49 55 81 -12 29 -91 98 -48 -70 -58 93 -19 -43 -46 -51 -52 4 -65 -22 84 -51 72 28 -58 -54 59 76 64 -85 99 49 -100 43 -83 36 47 -8 61 
77 77 3 34 -36 -67 78 -13 -69 24 94 -34 -36 98 -83 -53 -76 42 -18 23 -16 -47 -58 67 32 40 41 -89 73 -63 37 5 -60 -59 -14 54 -37 -26 43 42 13 69 5 4 -7 -54 45 10 -88 -99 -49 -40 19 36 1 -99 -57 -96 -38 8 -39 -84 42 -61 46 18 -58 -17 41 -53 62 -28 60 44 -31 -94 41 -36 -79 -17 -43 87 -16 -83 -62 8 -24 -79 -40 24 60 37 35 96 -47 -42 38 -83 -70 92 
49 2 -83 22 15 -100 74 -60 -57 48 -59 52 -51 -28 -5 -71 97 -17 66 52 -18 34 -87 -31 39 31 -56 91 91 88 -91 36 -31 -72 11 30 70 -3 98 19 -34 87 -10 -53 57 -42 73 -30 -66 34 -18 -7 77 31 62 -100 57 -6 85 -68 -70 -71 28 100 15 90 -35 -71 -28 -63 -45 57 -41 -78 -1 39 76 -35 51 -70 -1 13 -78 2 -90 -87 52 0 12 75 -13 -21 28 -12 51 -27 -11 -90 -61 -15 
93 -54 83 77 10 24 -5 -63 35 14 24 89 -31 49 70 -19 13 86 61 45 66 -29 -72 -42 -1 6 94 -62 -66 86 60 79 -30 15 -95 -76 58 65 -40 -24 -24 -28 -94 -68 -81 -57 16 -22 82 -29 55 56 -100 -15 90 -24 -12 -76 70 -16 75 -98 -10 1 46 30 75 19 -83 -38 67 -28 8 -48 74 -23 74 -40 72 -34 40 -83 -10 -100 21 33 12 -57 -2 6 57 -9 -63 35 -74 86 -17 15 6 74 
-66 75 -52 -3 -11 8 53 -17 -45 -94 -97 -33 44 -23 -53 85 57 -28 -79 -47 -72 -58 14 -76 77 17 -11 -33 -29 37 38 -12 30 -35 23 85 -27 37 61 -51 -47 -94 77 -14 75 -24 -42 -53 4 48 -66 -33 46 34 -73 70 12 66 -83 59 16 -14 -83 -45 -71 -19 -5 51 78 -81 -42 37 -34 -89 81 -62 14 -37 -55 93 25 -74 48 -100 100 69 90 80 -15 85 67 25 82 -89 50 -99 -80 -20 91 74 
-71 99 -72 30 -45 -65 48 15 -91 33 -4 -60 24 48 -72 -16 83 -17 83 34 -76 96 34 -15 -43 -85 54 29 15 15 37 56 58 82 49 24 -21 -97 71 -16 -52 4 -5 57 -31 -34 -90 20 -12 -47 70 -36 -48 97 37 68 25 33 -79 95 52 27 86 44 15 -68 -56 52 -11 -4 8 -49 78 -80 20 99 48 99 -87 -44 14 84 19 -85 -86 -65 26 91 -32 67 -92 -85 98 81 -56 -90 58 52 2 81 
8 22 18 1 -64 19 23 -73 -40 -47 -29 -55 68 -75 -17 10 -65 -31 20 -54 -35 -89 -84 -39 -61 -23 27 -49 71 -95 -38 50 -73 62 -16 40 41 0 -55 99 -85 -84 40 48 21 21 -44 3 95 13 42 29 16 -22 23 33 42 -5 55 -82 -29 100 -60 25 -90 31 89 69 63 17 -75 35 -40 -38 -35 26 2 58 -67 -21 -86 58 65 63 42 10 -73 -88 42 5 22 -100 -15 -22 -98 -47 68 11 27 -16 
25 -93 33 65 40 99 62 -81 37 14 -8 55 -28 -86 46 26 -64 60 -31 19 -25 -61 33 69 25 -8 6 -57 59 -52 7 -16 -43 65 34 -77 -86 79 -31 -45 85 25 -3 -20 26 15 58 29 -93 -100 58 -97 -45 50 0 -46 11 100 -15 22 -9 -53 -83 32 10 -58 44 -47 -11 36 12 -23 -90 57 50 -12 -42 -46 -62 -91 7 -15 71 -46 29 -76 -76 -55 -35 -55 32 16 -26 -17 88 8 42 -33 -56 74 
-20 -52 -22 12 -73 90 -31 10 -52 33 64 70 -4 -87 -90 38 -21 -45 -29 -79 -38 -77 69 -54 -51 55 -67 -95 8 -93 80 41 84 89 -17 -84 -51 -24 62 42 -76 -87 -48 64 -23 9 35 76 28 85 -28 22 64 -12 61 35 30 -99 -79 -94 -44 -29 -66 -98 58 -27 -5 68 -14 -75 22 -97 -22 -46 8 -7 -51 69 67 -96 -95 52 0 -57 -10 -27 87 -56 -76 49 8 99 -1 -63 -32 82 16 27 -33 72 
76 5 95 -40 50 4 98 -6 31 -12 -38 84 -84 100 -54 91 -84 23 84 -65 10 25 -10 -73 25 -66 -86 -44 -79 92 3 -89 -35 22 64 -55 -78 -12 -64 -45 87 69 -72 70 91 -79 -60 77 -91 -83 -96 17 49 6 -22 -87 -98 55 21 74 -5 51 -60 -64 -56 -85 -72 -92 -70 -23 41 -18 64 82 86 44 -30 7 -78 -45 -56 -15 12 39 -35 -2 5 44 -34 -38 -54 82 -42 68 -4 -19 -17 43 67 93 
-88 -35 12 -2 2 12 25 99 63 -45 30 -63 16 -25 42 96 -96 52 91 27 70 -87 0 -19 0 -14 96 21 -94 99 35 87 -8 -6 -95 15 92 64 -10 41 23 -4 -73 86 98 -35 78 -50 -31 -89 -97 64 48 -2 26 15 -95 -35 -10 -79 53 -3 -46 -34 29 64 77 7 100 17 28 43 -66 -14 34 -11 94 -33 36 -25 -41 53 -6 -93 -21 7 -42 64 -59 14 5 24 98 55 76 100 -70 -62 80 -80 
37 7 -57 42 43 35 100 -22 -91 82 38 64 30 18 13 -55 1 86 9 59 -61 10 2 69 -39 12 90 -59 5 65 49 97 3 -44 24 -86 -31 18 -61 55 81 4 -42 -84 65 44 7 -44 -81 -55 39 -88 -28 62 81 -89 17 -18 -23 2 -85 -23 66 -46 -40 25 -19 13 99 -57 -70 100 -94 -91 55 -10 50 -96 -86 62 91 -28 -79 -37 29 -22 -17 -81 75 -95 -71 56 -29 81 -85 79 -24 -55 3 75 
-84 -70 -93 45 56 -19 7 4 6 -16 -44 44 -13 -89 -81 69 -36 -93 -86 12 -25 58 -56 -42 -66 50 13 75 28 -98 -34 -84 66 -74 20 21 4 8 5 -77 27 -80 -58 0 -44 89 41 17 80 -86 -74 20 -11 24 -100 -54 0 44 -37 -28 22 -31 22 94 2 -17 -8 -22 -58 -93 24 75 59 50 80 -17 -86 51 -7 -41 -62 9 77 19 -8 -99 -24 53 -51 59 40 63 3 -99 -98 25 83 -92 -52 79 
-11 -59 0 -81 -48 -90 37 12 88 83 -2 4 -38 31 14 69 -15 30 49 49 -68 100 -12 91 -41 -31 -39 24 -52 54 100 30 70 22 33 53 -40 -94 -14 90 83 88 7 53 -83 -41 -22 -30 -98 60 -33 -42 42 40 1 87 20 74 -21 100 -54 11 -79 -18 74 56 -7 83 32 -60 93 22 -11 85 -6 -40 -63 -71 88 -42 27 55 -60 -64 35 -33 -58 68 88 68 -90 -80 18 -98 60 87 -82 77 22 46 
-63 -9 -66 56 37 -85 28 -19 98 -20 58 -42 97 -49 -8 -21 -53 46 71 -34 95 59 10 23 -79 62 -52 -9 -59 68 -73 -18 -73 56 -64 -24 38 45 -40 44 34 22 51 -28 92 34 46 -79 51 39 70 -29 -14 74 7 -29 22 -86 -82 0 53 5 -92 -61 1 61 0 -29 -41 38 39 -29 -65 41 -6 -93 -55 66 13 -21 -97 100 -36 -40 49 67 23 -74 -34 -85 99 42 70 -56 95 74 2 -83 -23 95 
20 -6 44 1 80 21 35 -88 -27 0 -70 -88 -90 -53 47 13 -27 -17 97 -27 -65 20 34 -72 -1 -83 -23 -96 -80 42 22 -80 -95 93 -89 -59 99 0 -60 34 85 39 36 -72 -63 -15 66 5 77 1 -17 -19 9 37 -59 26 -29 9 86 -14 49 -45 -40 -29 60 -90 61 -6 52 96 -88 81 39 -17 18 -90 -94 -47 -29 -23 97 77 -80 -92 -66 71 -36 -34 -21 -69 -47 -66 7 -39 -47 -30 0 -3 89 -74 
-21 79 -7 -72 -38 -35 30 92 78 21 -14 -10 -77 -64 33 -4 -9 88 -66 21 -86 -55 -13 4 -39 54 -89 57 51 99 44 -36 -90 -25 69 -5 2 -29 -61 -7 2 45 2 42 -93 26 29 4 -66 11 78 67 -42 -74 21 -28 54 -8 -37 75 52 -98 -51 -51 -67 97 -36 -32 79 47 -81 -75 -34 23 -62 -2 54 64 21 5 -79 -97 45 14 -12 -56 -37 -17 -35 -21 -73 42 93 85 30 99 -25 -94 -20 -85 
70 69 -4 3 19 69 84 9 81 -4 -38 84 -12 -3 -19 -65 -85 89 19 -58 67 -64 97 52 -25 -41 2 -28 89 57 -23 -38 -82 37 -42 16 -97 -6 -58 15 -87 52 -82 38 -26 -84 -71 31 14 89 10 -15 81 -95 -69 -39 -57 2 93 -32 23 89 11 53 -6 -33 -19 -26 -27 -81 50 -29 6 90 -70 -38 -41 -43 -50 51 38 44 2 62 76 94 -71 -45 89 -12 36 63 100 -45 21 -16 82 24 -21 -4 
-33 46 96 26 33 72 60 -88 -11 -87 -18 71 5 87 -85 -49 -58 -71 93 31 38 -50 59 10 56 39 48 -73 -48 17 -8 -25 45 50 -6 -50 -42 -22 -75 -63 -93 -47 -30 46 -52 25 -51 -3 -87 85 -64 -29 42 13 29 -64 26 31 77 22 90 6 -99 23 22 49 64 -93 -99 6 -7 27 6 29 19 60 61 -9 75 85 71 49 59 34 70 41 -12 96 8 58 -74 26 -76 -12 21 -41 69 48 34 -33 
-19 -100 -37 -34 61 -4 24 -16 -35 87 -58 -53 46 44 34 -87 7 -77 33 -87 -56 -28 -85 57 60 36 -18 81 -87 27 -89 -94 -54 18 -89 -71 -28 45 -5 -16 -28 63 -10 92 41 22 23 -33 74 -5 42 94 20 12 -75 69 -64 29 75 37 -62 48 43 -75 35 -25 77 -13 65 8 36 -3 19 25 35 -11 93 -53 53 -21 -13 -15 94 -22 -48 13 -61 68 -16 -14 -51 89 38 -15 21 84 -44 85 51 -77 
-45 -45 98 20 -48 86 45 41 -62 50 41 74 -29 7 -7 -84 93 -89 32 72 18 -54 -68 12 48 -87 76 39 19 -49 62 84 67 91 -87 -10 50 92 85 41 -94 -99 3 58 22 -80 -53 18 67 82 -70 -5 56 -83 73 -93 -56 62 -55 -83 -50 -65 88 43 10 -84 -64 -40 -2 52 -47 -58 -36 5 25 -70 55 -62 61 81 -26 -93 -73 -10 57 -23 -35 -75 28 7 -78 88 -4 53 36 -89 -78 45 -23 -31 
-9 -71 45 -94 95 96 -96 37 -23 -40 -68 96 -53 3 44 -40 -9 -82 53 -46 -54 -43 92 -26 -4 -30 55 63 24 19 97 48 -11 65 24 -32 -2 -94 7 -89 27 32 -53 -76 -85 -10 -40 -10 -18 8 5 63 7 -14 -32 66 -62 -82 44 57 78 6 39 42 -88 -84 -92 -43 -79 -63 -62 24 -38 52 49 -88 17 85 -44 -42 77 -67 -84 -78 77 -75 -74 -33 10 5 -4 -34 -20 20 -71 -31 61 -59 -24 79 
79 -45 37 -80 -100 -83 77 -24 -10 91 27 -89 -21 -88 87 20 72 -61 -8 72 -53 -59 87 100 9 -58 98 1 44 18 5 -32 17 39 80 -79 32 51 -81 37 42 -25 78 -97 -26 -95 83 81 98 -46 -96 4 94 70 44 94 -71 61 -59 -61 -19 37 -89 22 -73 33 21 32 70 -78 -99 -100 -10 71 96 9 -8 6 -61 -61 13 26 7 -77 2 -64 -28 -38 -50 19 -48 100 -96 50 -40 -49 30 -70 -22 -60 
-1 7 87 -66 -99 -68 92 -17 44 -45 -73 64 41 -45 14 89 -51 -85 4 -84 8 -8 -96 60 36 -15 -60 -21 81 -32 -66 -51 -96 38 11 11 -10 92 10 -5 -100 49 51 57 47 -20 -20 86 57 -1 -84 84 -72 -34 39 -82 -100 35 88 59 68 50 29 -81 89 25 29 70 44 67 84 20 -94 98 18 36 53 -14 -13 -24 84 -37 -92 -54 41 27 -98 -27 -28 50 82 2 -45 -78 63 21 -48 19 -80 -95 
94 -56 -80 33 60 -80 -6 -48 -90 28 6 32 86 -76 -90 21 -95 90 64 -56 44 22 91 -18 25 60 53 92 -79 68 74 26 7 -12 77 33 64 -48 59 -44 -89 -54 -96 46 76 -32 52 88 90 -59 -49 -42 24 65 20 56 60 45 -71 31 -52 97 87 35 -35 -83 -63 97 49 -16 74 8 -49 37 50 80 -13 0 -90 -39 -67 -54 94 1 -76 81 1 57 33 -64 -57 -47 95 87 28 52 -97 49 10 22 
-75 -11 -6 25 53 92 58 43 40 -36 -49 -42 -63 11 25 -58 -15 83 30 32 4 -58 44 -15 -86 37 -67 100 37 92 21 67 -37 22 58 53 -68 89 26 82 68 -84 0 42 8 52 42 21 46 15 -40 -100 -59 59 -18 15 7 83 -38 21 36 84 -78 69 -87 -55 -16 19 -18 96 18 85 -67 -71 -50 -1 95 -25 -54 -26 -94 84 2 60 -8 84 -39 -57 -1 92 69 55 -68 84 78 -59 -71 80 97 -21 
85 -34 -6 80 -60 -46 -5 44 -74 -87 4 0 95 92 82 -89 19 -24 -30 -7 -32 -49 70 -5 -40 -99 15 72 62 8 -72 41 90 68 52 3 92 -64 74 -22 11 -29 -50 -69 -93 78 -24 85 55 -62 19 82 50 90 -64 34 -17 -17 -87 -50 22 -91 90 -27 41 97 10 1 -32 95 -27 76 -79 70 38 -99 -93 42 -83 74 7 -8 -92 -36 55 3 -87 50 20 51 -23 -9 -8 -47 71 -87 26 -70 62 41 
34 -50 74 11 50 35 -42 -100 20 -34 73 63 -5 62 35 5 57 4 -96 100 -98 19 23 -65 -11 -83 -27 78 92 54 -79 -30 -98 43 70 0 -88 78 -96 69 -2 77 64 40 -94 -23 4 -81 66 23 -85 -96 85 -93 53 97 40 -38 -11 65 63 -44 92 -58 87 -34 83 68 18 88 -95 -97 71 31 -9 19 49 -38 -19 -78 9 -5 -90 5 -54 91 9 76 70 28 -52 15 -59 -80 -76 68 -27 32 85 27 
-83 -77 -73 56 30 -48 38 -99 -26 -42 100 55 53 -15 67 -41 -35 -20 34 12 82 72 -35 -74 -97 65 61 -62 90 59 8 31 -13 -34 22 -86 90 -20 19 58 90 -73 -3 -80 50 -38 2 71 26 0 -82 -14 -23 -18 39 -45 19 61 39 -46 47 85 66 -89 -55 62 -20 -21 99 -84 66 86 -19 26 79 94 69 -31 -43 -79 49 -32 82 -51 -99 14 93 -37 -14 -49 79 9 95 100 -78 47 35 -69 -87 -35 
-94 59 64 -72 -45 -24 65 60 -66 76 -7 86 47 34 50 31 -46 47 -84 -53 -47 -61 -44 -50 -41 32 -43 -43 25 94 93 19 -15 21 60 76 37 76 -26 6 23 83 82 -57 -57 9 -76 25 49 3 -45 -66 44 38 -96 74 32 -17 73 34 33 27 -52 35 -72 44 -56 18 -94 -73 58 36 8 12 20 7 89 76 -83 -12 -81 -33 66 8 -31 -97 30 -9 -51 55 0 -66 -48 -39 1 -54 -87 17 64 -58 
91 8 64 -90 -95 48 93 40 -83 -84 45 -45 93 -94 20 2 8 39 -99 -21 -6 -6 -53 -70 65 -34 -3 -63 -20 96 -45 93 11 33 -78 90 26 58 74 67 -94 -35 100 15 6 6 25 10 31 17 -95 45 93 -42 89 39 -97 -83 -63 2 34 -20 47 -75 -29 -76 -35 75 66 87 58 29 -56 0 93 15 -33 -99 22 -45 -86 50 -31 -50 9 18 58 -53 90 84 86 -52 -40 -96 -45 -50 63 98 -4 42 
96 -86 -18 -81 -26 -90 -51 -69 -72 -80 12 -74 -60 -95 -50 47 82 -84 68 -21 -26 -94 17 69 -78 85 79 -5 62 100 81 1 61 96 63 70 -34 -61 -20 88 70 50 -56 9 -5 96 -76 43 20 62 -98 27 -7 -3 -83 -98 44 1 36 -12 80 61 48 -6 40 -21 71 -63 15 -75 71 -83 76 -49 -82 -22 11 12 -57 -33 84 82 64 98 56 -95 -69 45 31 2 73 -38 45 -40 -80 -57 -86 -40 -26 -73 
80 27 22 -92 49 13 -69 0 -75 55 -58 9 -12 -3 3 77 -18 -98 54 39 -97 11 -44 -14 -100 56 -94 -20 -13 96 92 19 -4 -53 83 71 100 65 -59 62 -79 95 -31 42 8 -2 -16 -6 -45 29 -61 -51 10 -92 99 21 19 -85 52 -3 9 -76 61 0 -57 -43 -85 74 99 2 98 3 -52 -57 75 59 56 83 -12 -28 10 -74 54 -44 -60 98 52 97 -40 82 -38 -60 -39 -30 -31 93 61 -22 -14 -66 
2 -14 98 97 34 -42 33 -76 -51 -62 39 5 71 -79 -20 -88 -39 -93 14 97 33 -15 45 78 -70 72 92 -86 57 -53 10 -52 6 -51 23 -29 51 49 -48 -75 -8 86 -38 -9 49 33 46 -41 39 77 26 -71 -50 58 7 55 -31 53 64 0 -82 34 76 -95 36 4 91 -75 19 -30 10 -16 -10 27 -57 -55 -78 -72 1 -54 -63 49 95 -7 -95 -45 -50 -38 54 -99 -5 86 -4 44 -35 -12 -41 -52 -51 -44 
71 -64 78 89 4 -82 -26 -33 -55 47 94 31 -57 -78 5 30 -91 22 -76 -47 61 -42 4 -87 -35 -1 67 -66 17 87 56 -7 -29 71 64 -55 -80 -44 -51 52 -75 -3 66 65 71 -79 -59 -29 32 65 64 13 8 14 -100 -94 86 -82 51 -95 89 61 -88 65 -61 99 39 -90 92 -26 85 47 -54 4 -28 38 -51 -11 -66 -30 -42 49 -49 -96 -77 30 -42 -54 96 5 -86 -30 -88 -61 -3 52 2 63 5 30 
3 71 11 7 -25 -18 42 100 -78 -58 -34 87 63 73 72 -13 -2 75 -4 -19 83 43 48 8 76 -22 37 35 62 38 34 73 -62 -41 -53 -90 -69 -76 6 -43 1 -30 28 77 31 51 -77 60 11 -43 66 21 -49 -99 -2 -75 71 -86 4 -71 -86 -48 33 91 -15 -39 -42 10 -35 -26 92 51 -88 5 96 -29 70 45 -64 33 -88 95 -6 15 -65 -70 70 -36 -52 -59 -70 -100 53 -12 -72 27 34 -9 -63 -78 
-21 -24 -50 21 15 16 -26 -65 34 35 23 -44 -53 50 -90 58 53 -25 -16 -23 94 7 -5 42 20 -74 -7 -14 -39 -71 61 5 41 -97 43 -46 -43 77 -29 -41 5 91 19 47 13 1 56 83 -62 73 58 45 30 38 -74 45 99 -10 29 5 75 51 -51 92 34 -74 -90 27 -37 52 -50 12 -42 -69 -95 91 70 -49 9 -27 84 -61 10 -46 80 82 -95 10 -46 -31 -52 -86 89 -25 -74 85 -32 -25 33 -13 
-65 -59 -35 -81 -91 -10 95 98 -6 90 -94 31 94 1 32 -47 -67 42 92 -34 89 -66 -37 -14 -34 30 38 76 1 63 36 -86 -95 -93 51 27 100 -86 19 -36 54 36 53 -38 -24 100 -43 86 41 -93 70 -20 -85 40 84 34 -25 57 44 -28 -45 7 58 -89 -7 -3 62 55 86 -44 38 81 -67 -18 -57 -68 -38 59 43 -92 -47 56 -26 80 78 -94 45 -49 12 30 -17 80 -2 -24 15 -32 11 19 -26 -23 
-56 64 42 69 79 18 -29 -46 -33 73 21 -93 78 72 80 -19 -68 -59 -45 97 -62 38 82 -89 19 70 -13 47 -27 14 -96 90 96 -7 -19 6 82 50 -94 -45 -70 17 -23 29 58 56 37 97 66 5 -75 -24 -66 -38 -41 94 -36 39 -55 33 -60 -80 -33 -9 -87 95 -55 -70 65 21 -88 15 57 5 -63 -41 28 -68 -35 -14 100 73 11 -41 51 29 79 58 82 65 1 -64 48 78 39 13 38 31 33 12 
31 -25 70 48 25 -92 79 -80 2 49 31 48 -1 30 23 99 80 32 38 29 11 89 80 -68 -100 91 -32 57 84 8 81 27 92 1 100 19 -65 9 22 -36 97 8 -97 -57 -56 -76 63 -3 -17 -45 84 -72 -74 -82 1 54 46 -31 -64 -59 -7 90 85 -9 9 -97 -56 10 -79 -100 -9 -60 47 85 66 32 -19 10 97 -42 83 16 99 -7 -99 -78 80 -39 -61 -86 67 88 81 70 -38 81 31 -16 32 -81 
66 38 -29 35 -19 -31 3 28 -74 97 -44 -17 9 62 21 61 8 40 52 -78 16 25 -46 91 71 46 19 -47 -56 20 -9 -58 87 -34 -73 -26 49 81 64 -93 93 -51 3 -40 -94 -82 -45 52 30 26 -54 -1 -66 -58 -13 21 -1 53 51 -15 -75 -52 16 -61 -69 -44 -10 53 71 33 56 68 94 -2 100 93 80 18 -43 3 -54 43 -93 -23 -87 77 28 -94 72 -18 -68 -68 22 -75 -40 26 71 -41 -8 88 
-63 -74 -95 -21 -6 -9 -94 -98 2 -30 39 -86 74 16 -59 -22 100 71 -29 63 6 71 -48 70 50 -89 61 16 -12 17 -96 -21 49 -13 2 56 91 100 11 78 75 11 9 -8 -25 -59 52 82 -95 28 77 92 -99 40 -77 82 63 -4 44 44 -36 65 -73 42 42 71 -4 -78 -4 -72 13 19 -34 60 -39 -73 99 -46 -62 -24 -7 -67 -79 22 -26 75 -88 38 -61 -36 66 77 84 -59 91 -76 56 -34 75 -12 
-71 75 69 -36 -41 -46 25 -85 96 14 79 0 38 -24 4 -76 26 -80 -61 9 43 74 -70 50 47 37 -27 -26 -16 31 -20 -62 56 78 -86 -90 72 -72 29 -4 -7 82 85 -48 -11 84 -23 65 -73 -49 31 -21 -72 -47 -27 50 -11 -90 -8 -68 -39 -58 -67 53 12 -61 52 -89 -56 25 33 -2 -71 -99 8 74 6 59 -25 -41 84 -19 -15 84 -75 61 -20 -29 35 -42 100 43 -15 -86 -3 -24 42 6 -19 -59 
61 84 28 -9 21 -55 97 -42 -30 -92 8 -74 -26 76 79 -43 -7 97 -51 40 -34 23 -21 25 95 2 -94 8 -89 -24 4 92 9 -4 71 67 -99 24 -10 -36 43 97 56 88 63 -83 88 91 -69 -70 97 -68 -1 44 -78 79 -36 -65 -12 -90 92 -72 -9 12 -28 -55 92 99 -83 -14 62 29 -91 -49 -77 21 53 -57 -2 -64 42 -63 84 -54 24 34 14 51 85 -19 -88 70 -26 -52 55 -62 31 -73 51 56 
49 -11 63 69 -14 -69 -20 68 13 -67 -53 93 24 88 -43 19 57 -47 13 -2 -32 -29 -95 57 10 13 76 -26 -76 27 94 82 -57 -79 82 -90 -15 92 28 -70 -13 17 99 61 -11 57 -28 -46 33 51 88 -65 -14 32 28 -24 29 30 70 35 73 -29 -10 -44 26 -92 28 99 38 -44 16 -24 81 -22 14 29 -47 -49 -29 -77 88 -33 69 -31 -89 -29 57 -58 -93 63 28 32 76 -47 -10 -40 80 65 59 -86 
-81 19 46 80 60 -36 -36 -61 84 85 -24 -70 -98 1 0 7 -12 -28 31 -85 -85 -93 -63 33 86 65 -59 45 92 49 52 -50 -88 48 89 -15 66 -74 -42 -43 32 -90 -8 -94 69 -22 35 15 0 60 -74 5 -62 -33 -88 -43 93 -13 0 64 -19 -91 78 -60 -87 -20 75 8 45 76 -14 -39 -14 42 22 12 -55 -11 1 -13 -97 82 -88 87 44 26 62 -91 92 -78 10 -32 -63 45 -56 -47 -5 10 -26 46 
-94 -45 -76 -96 97 -28 -87 -11 25 70 58 0 31 53 -89 -100 100 -91 -56 -65 -4 -26 78 44 56 -91 -41 -79 81 11 -79 76 56 86 -1 7 98 55 -25 29 70 55 82 -15 -21 67 1 82 78 -38 -71 -13 -16 -28 -80 -49 46 59 92 98 49 -3 16 38 64 72 -82 30 -41 13 55 -64 -89 73 -71 32 60 37 66 69 -48 55 86 -82 -19 -26 -68 -98 85 -30 37 -40 92 72 -40 -72 -5 -81 96 -4 
-20 -5 72 -52 -100 68 93 -10 -69 15 95 -81 46 -56 -1 -16 -58 24 61 -67 -98 -89 -50 -32 -56 55 -82 -90 39 97 -25 33 -99 26 51 19 28 36 -58 -51 -43 83 -53 -40 -88 -41 6 70 -38 -85 -39 -55 17 51 99 -79 -74 -91 -17 95 -13 -5 19 -31 80 -46 -28 -24 -21 -80 -66 31 85 -44 -74 100 -45 -31 58 52 7 13 72 -74 -34 -25 -94 74 83 -76 -81 85 -44 -25 -83 0 -36 100 -26 -97 
5 -13 23 95 74 -63 96 -60 -69 34 -45 -27 -8 -50 87 -55 9 90 37 -76 -35 -80 2 -33 -93 13 31 -51 -5 48 -78 -16 84 -52 43 89 -97 28 -90 -29 49 -64 64 1 72 -17 -84 -63 -99 90 44 73 -24 94 -44 92 -46 86 0 -1 -97 -12 -66 86 52 94 -70 -87 -4 -67 96 -57 -76 -78 -32 -82 -33 10 39 63 0 -11 41 -94 69 76 63 81 27 -87 85 42 -5 17 9 86 69 19 100 44 
69 -96 48 47 75 -40 -14 -41 55 -57 -1 -84 6 11 83 -29 76 77 12 39 41 69 75 -65 -57 -94 53 -37 97 10 83 1 74 -44 19 -47 31 80 -57 -25 -96 20 85 12 57 -6 -87 -28 51 -53 -56 -38 -48 -71 -81 50 13 -51 -36 30 -92 10 96 -3 86 73 69 88 26 30 -13 -9 -73 -54 37 -38 -10 -12 -31 28 -90 34 -59 -13 21 -66 -84 20 -54 -51 -23 -67 23 10 -10 4 -28 26 -60 6 
52 -18 2 -45 16 70 -32 69 88 -73 -31 54 15 49 -60 -94 56 -66 -21 92 12 30 99 -43 -47 -9 42 48 28 19 -3 70 -57 19 84 -30 29 -73 -3 34 95 -67 -79 63 26 21 -23 -22 12 76 -83 -65 -87 -12 -50 -23 -35 58 38 80 22 -81 29 -32 55 -88 -59 -33 75 -43 -62 -22 -33 51 -32 -20 -90 -41 -71 6 -97 69 82 -12 13 -64 -45 -12 -56 63 -59 69 9 61 -49 25 -66 -61 -11 49 
56 -14 -97 -71 -64 -56 -53 -66 -86 -47 55 -83 72 72 30 100 11 -45 -6 56 75 -83 -6 78 15 62 49 -96 -72 19 16 -60 -77 90 -84 68 -77 -38 2 24 58 50 33 -16 80 48 -85 3 -63 -95 -61 -15 -35 -80 -79 -13 68 45 61 -100 -83 51 99 -2 51 84 74 37 -62 -58 99 85 76 0 82 -22 -12 -4 20 78 -38 -5 1 -18 9 45 -72 25 10 -91 30 5 88 13 39 -43 -31 41 -30 9 
-85 -95 -100 2 -82 95 -49 -79 81 7 -90 58 46 5 -76 -15 -46 -61 86 -94 46 -32 66 25 -19 28 -69 -15 42 84 8 -2 -22 55 72 -8 24 -17 -38 84 9 -40 -38 -11 23 38 -64 -84 -84 60 -51 44 -3 4 -98 35 43 74 -41 8 -73 -23 -5 83 -21 54 99 94 23 -32 44 -69 80 -9 85 6 -50 71 15 5 51 -49 46 5 68 59 11 -50 84 -32 -12 34 -98 -81 53 -85 -8 -23 -38 8 
