100 100
77 91 8 -2 -3 -3 -4 -7 -33 -44 70 -51 70 -60 -29 -82 10 21 94 47 -42 20 59 -88 22 80 100 68 6 -71 12 -74 -16 52 62 22 -47 -98 90 76 -53 -82 49 -99 -21 76 -29 -74 -23 -29 56 17 -22 -52 -52 58 64 -15 95 94 13 76 38 7 -32 -71 -27 99 -50 56 -14 0 30 -65 -7 39 -59 9 25 90 -8 54 6 27 56 -3 70 0 77 27 -19 -4 -79 -45 -19 65 12 54 -20 9 
-58 0 83 -35 94 93 57 -18 -46 73 76 91 11 50 -13 -48 -95 -67 44 -47 81 9 33 100 -85 -80 -76 72 42 83 -91 21 -28 -1 -52 71 -12 17 -73 48 -82 -10 -64 -3 -4 24 54 64 -77 -49 -66 -96 -16 90 -7 -62 81 -76 -42 -43 86 -58 31 -70 -8 1 90 30 -49 -41 -48 -48 -32 23 -53 -86 12 -12 39 -68 -50 -42 42 -89 -42 27 54 -34 67 -6 22 59 -26 -21 48 -44 65 -91 -90 59 
-4 -58 81 33 -44 26 -38 18 -91 13 -35 89 3 -7 22 97 97 80 -2 -44 40 72 -59 -24 -53 -15 -45 -65 -47 26 -91 100 -62 -77 -41 72 68 84 3 1 32 -36 59 -83 -77 45 -9 -21 91 41 16 -83 -9 -9 -72 -69 -20 49 43 3 -59 81 -76 94 91 1 87 -14 -41 -87 41 99 -15 -42 -82 18 -40 -37 -35 99 95 28 72 -18 -2 89 23 46 18 -36 98 -41 -35 50 88 -99 -10 1 -52 -46 
-6 -41 -28 -13 94 -76 -33 -14 50 62 -86 -97 74 27 77 -98 90 -94 -29 81 -41 -11 -48 89 -85 93 -70 70 88 -5 -46 4 86 84 -68 -47 -24 -55 37 -43 79 84 -18 -78 -14 -34 27 22 10 38 -16 -15 55 17 -19 -54 79 17 -48 -4 52 13 65 43 27 -63 -85 -87 -44 -37 82 92 -15 -65 -94 -55 -28 -62 73 32 87 65 7 95 -47 13 33 -1 -17 80 71 55 81 -30 19 14 -34 -88 59 74 
-88 -21 16 -91 43 -96 -45 2 77 -41 52 -98 -26 -67 -97 85 42 -93 41 24 76 -50 -6 -61 -15 0 16 -67 -44 -80 86 -32 -65 -92 3 48 76 55 25 -62 -13 -56 83 100 84 42 8 -19 98 89 92 -7 -81 -100 -44 55 -13 34 -6 -20 8 87 63 -48 79 -52 -58 96 45 -99 -14 50 89 -2 -7 -32 86 -95 83 52 97 52 37 -7 -15 0 -32 8 -93 -93 -37 44 32 45 -60 -84 2 6 33 92 
29 12 -12 32 64 -31 39 -14 -33 -4 -47 55 80 81 50 -97 46 -24 73 -3 -25 -65 79 -84 -20 -49 -87 25 6 62 -8 -27 73 -76 -52 -91 -14 -92 0 94 80 -87 -3 99 -27 26 -17 61 28 -6 5 78 -7 0 69 -63 34 59 -19 -48 -3 -43 -66 -73 -27 85 17 -35 -84 26 42 63 -51 -95 -54 24 68 26 12 -22 20 -54 14 82 -92 45 35 -97 -61 -73 83 61 -18 45 -37 -77 -72 31 53 12 
-14 28 -29 5 -61 58 -56 3 -61 41 -30 35 -76 -1 -26 51 -47 34 46 41 -2 -34 57 83 90 23 2 -99 -54 -48 -90 35 -19 41 -9 37 83 -28 70 -66 76 92 20 -17 27 -90 64 -33 -13 95 -16 100 -62 89 7 82 -74 -30 66 -61 -52 -23 29 93 -1 95 70 47 -62 68 19 50 81 92 -51 36 67 68 43 -80 37 86 35 78 -28 -41 -69 97 56 97 -40 28 -11 85 39 9 -23 -48 86 -26 
7 83 -11 -98 -67 70 7 47 -39 83 38 77 26 -85 -7 -51 60 -97 3 43 -99 -97 53 -26 93 -39 -43 60 -88 -98 75 -77 64 -47 -79 -18 92 -91 -61 41 -24 54 -9 -59 -78 51 61 -4 -83 -54 8 -65 41 0 51 30 50 98 -57 12 74 48 -57 -95 -45 89 34 -76 26 -32 57 -73 -21 -46 -53 -64 -78 -6 12 70 -23 -63 75 -63 -12 -30 -22 -1 8 -59 98 -45 28 -22 95 -37 46 58 80 27 
-48 -14 -23 -49 94 86 0 -72 50 99 -19 -32 13 25 -17 93 44 97 -41 -89 91 57 -80 -25 66 -71 -26 -5 -18 -4 -65 73 -33 -64 77 40 46 18 51 -66 68 -84 -41 43 34 -56 58 -96 82 90 65 93 92 28 -51 -32 -1 96 56 45 51 79 58 -22 63 -81 31 -60 20 -99 71 81 87 -9 87 43 30 11 -16 -74 -11 44 -90 39 73 -95 46 -42 -43 22 36 59 25 -73 -23 19 -36 -57 -98 -15 
-45 -31 45 -10 -43 7 64 -44 84 87 42 76 -61 60 -18 95 65 2 86 32 -4 -62 -85 57 38 -67 93 -100 47 26 -4 -32 -41 -85 60 -38 -26 92 -29 77 -42 -92 -93 -14 50 -51 68 -74 23 -64 43 -7 -44 4 -69 -52 -53 -99 -42 -87 -57 29 -34 -52 -99 -42 -80 -56 -27 49 -28 35 -40 -17 -23 -23 -33 54 -82 -4 -31 46 88 -31 -11 -43 96 3 -36 -46 -84 -61 -18 -59 35 -100 27 69 31 28 
-56 -97 -87 -75 -28 83 -80 -78 -64 57 81 40 -27 72 -49 42 -98 -33 -45 5 -91 83 4 -30 -8 -84 76 74 9 -27 4 -88 -22 100 61 -23 -11 67 -47 -83 -90 -92 0 90 57 -17 88 70 -94 -79 -25 55 68 59 10 -17 56 -44 -18 33 15 22 50 -11 90 13 -33 -90 -86 6 100 69 28 36 -59 -79 68 34 -3 -16 15 -42 91 3 77 14 -99 4 2 42 73 4 -37 39 -11 27 62 91 -8 13 
63 39 28 34 60 -23 96 42 72 -12 -40 -18 52 30 46 56 13 -22 -12 -5 4 95 5 -39 -23 -32 -88 -33 43 -46 -92 -78 -62 10 29 23 85 96 -39 -3 -95 20 35 8 -66 -64 87 21 66 17 26 -41 -25 -20 -76 25 -50 -94 43 75 -44 37 -96 34 60 -75 65 -94 77 67 -88 88 38 -62 4 7 74 -13 -80 48 66 -47 38 11 -56 -26 -99 34 9 26 -43 36 -13 93 91 27 31 -40 32 74 
34 -90 -96 23 10 -80 -26 3 -94 -67 19 85 85 92 -80 -82 96 -65 8 -3 -97 17 79 -15 53 -1 47 63 44 -42 70 -84 47 -86 -79 -25 78 -1 -32 26 23 -48 90 35 85 -69 26 40 16 54 -26 -71 66 -22 51 -44 25 75 -43 -79 -46 14 -96 -50 -57 72 49 56 86 7 35 80 6 -83 -72 -23 12 -51 -35 -70 -3 -64 59 -54 -11 26 -70 -34 -48 79 -36 -2 -13 42 -72 91 71 -92 -33 75 
10 -51 -45 33 70 18 9 78 -86 42 77 -58 -36 -88 92 5 60 31 -40 -94 -28 -9 -93 -4 70 -56 34 -51 86 58 -38 -52 80 -34 14 -17 2 -32 87 -10 39 41 -65 -40 65 47 -56 84 -31 38 25 -15 42 -3 -92 6 20 -80 -73 -35 35 62 48 89 10 50 -74 16 -74 -62 91 78 17 -81 -63 27 -74 6 88 -47 -23 -32 59 56 -79 -35 -65 -65 87 -60 -23 -41 2 78 77 -13 0 -3 -50 -31 
25 30 -49 -36 -80 -28 23 -65 -68 54 87 -84 43 -65 -81 64 -57 9 -2 -85 -84 -93 14 -71 21 -28 98 83 89 -33 51 -79 -46 -69 11 -11 26 45 36 -93 99 97 7 24 73 91 -69 95 13 59 -62 -78 63 -72 -58 40 -20 -41 98 -42 -12 -14 -53 -86 86 32 -83 37 -56 -53 49 -94 -94 -43 -16 88 -35 -2 12 68 45 2 9 -21 -17 22 -10 68 8 -2 31 13 -26 -46 75 72 -12 14 8 84 
100 -86 2 -74 40 68 64 -95 -37 65 -83 75 -3 -55 -94 15 64 79 -69 29 94 79 2 57 -90 43 -6 -58 -54 -25 69 37 -4 -6 23 -49 89 48 83 34 -24 -73 -64 -67 -81 52 98 90 38 -34 -5 1 -6 -7 -96 72 -82 61 -80 50 -48 -61 27 -41 73 80 61 -66 60 -52 -52 -99 -24 -45 56 -68 -75 93 -23 50 79 -42 72 93 78 -40 -67 -27 -59 -4 -16 -35 85 2 -86 78 43 12 -8 50 
-54 -95 59 -75 3 27 61 17 16 -1 -70 -70 -80 40 -88 63 -73 10 74 -81 13 51 -46 23 -10 -99 -28 -34 38 -29 20 32 62 -45 -92 24 37 -23 -78 83 36 79 -93 -92 -92 86 24 88 70 -20 -8 70 30 -10 -73 41 14 -22 87 2 23 -70 98 -88 69 -96 58 21 45 52 -66 54 0 79 19 62 61 -64 44 57 21 -15 3 58 -96 32 -23 -62 -66 -32 -11 -15 -7 -35 29 14 -17 64 -53 -1 
79 -38 -59 76 -29 24 79 -88 63 -76 88 -3 74 -83 -45 -73 -88 71 -93 58 66 -73 20 -1 72 19 11 40 39 -18 -47 83 2 30 34 -21 66 -68 -66 1 -74 -52 -100 13 17 -79 -12 -96 60 69 -94 -19 82 51 -21 72 -26 -13 -84 51 36 -32 78 81 -96 -35 78 -28 85 -50 -95 -75 68 48 91 -79 87 28 23 -88 -97 -30 72 65 -76 -46 75 -11 62 -22 32 21 -96 98 -87 1 -96 -3 -57 -11 
-56 -54 3 -34 19 16 72 -69 -89 81 58 68 45 49 -17 75 0 -100 5 25 71 -41 10 -88 76 90 -25 -68 -73 -50 -49 -44 13 -62 -26 -39 -45 62 52 35 -83 79 61 -25 72 44 -58 -33 -23 -84 -92 76 91 -17 -66 88 44 -2 -12 -86 80 -85 90 50 72 -3 -31 89 -33 -76 -64 -52 22 -57 -78 84 -30 36 86 -54 99 93 -64 72 -48 82 65 88 -41 3 27 82 74 38 82 52 99 -94 60 -56 
79 61 84 -36 45 10 -30 47 84 20 -99 -79 13 40 -78 35 -50 12 -77 68 -13 -67 -9 -3 62 -20 44 1 9 -5 48 22 70 15 57 21 69 31 60 -46 81 -87 -99 27 57 -9 31 -58 74 -17 63 8 84 63 29 -79 87 48 1 -63 -33 91 8 48 85 -67 53 28 -18 -69 -64 83 -84 -70 -84 13 38 80 -57 -9 57 42 62 68 33 -92 59 64 64 -9 -25 38 57 -98 -90 40 -9 -21 97 -85 
-42 -90 -57 -14 -94 58 61 6 33 -35 91 77 28 28 -53 95 42 97 59 -52 39 85 35 60 -26 -90 -21 -4 47 -68 -67 -7 -76 81 85 -78 -74 -71 -36 -23 40 99 39 92 -36 87 -69 -50 -92 -22 81 33 -89 -56 37 28 -62 -85 48 -46 -24 -50 29 46 92 -65 -1 -73 99 -15 -1 -58 53 7 -37 -15 98 -68 94 -25 -88 -7 -5 81 -78 50 -88 -73 -45 66 -96 78 -81 9 -53 38 -51 76 -84 -25 
97 -28 45 -14 81 -38 -21 84 -36 2 -93 -28 -12 -14 -100 9 -36 21 94 52 44 -51 -79 -20 -33 43 84 80 -45 -68 -3 95 44 63 11 35 44 72 12 76 -47 40 -69 -47 73 73 59 -35 -86 62 -30 -27 -21 41 100 35 -24 78 -31 -60 16 -44 -54 24 65 95 -8 -65 -65 -92 88 91 -3 -20 60 1 3 40 19 59 80 78 -71 -98 -89 94 -73 65 -10 71 32 -10 -16 -33 -26 -58 -71 -3 -48 36 
27 -99 -69 -19 19 33 91 35 57 -76 38 -21 -85 8 52 95 29 51 43 -18 12 -46 -57 6 91 35 94 10 -85 100 37 -33 -65 -58 -10 77 -61 51 20 14 -98 -47 -46 -52 -18 -85 -54 29 -29 1 30 72 -71 10 -92 -51 -25 4 51 -74 -97 -34 -22 -35 20 -34 -75 49 44 -41 -19 89 -77 -94 -72 -57 -26 -54 -98 -94 -19 20 17 14 -63 88 -9 55 -13 -4 -26 93 45 -52 -27 -18 43 -9 -10 -69 
-6 95 81 -79 -75 6 -65 -75 44 -8 -47 44 71 -94 37 50 55 -60 4 73 29 -75 -31 48 53 -68 95 67 6 -59 -41 -57 84 84 -97 -89 27 -14 -87 -16 -59 63 70 64 52 32 99 81 -82 16 70 10 -57 -49 -27 -20 -45 71 -53 6 -57 16 88 -32 26 -68 97 -35 58 -49 36 9 -38 22 -13 -38 32 -69 -7 -76 66 -29 60 -45 97 98 -50 -90 -85 -62 -43 -29 74 63 -26 -64 -18 43 -1 -14 
24 15 -2 72 61 -46 -68 -87 68 68 -52 -20 74 13 34 -68 -79 26 -54 -48 -47 -7 98 81 -47 -99 -85 24 72 -91 -44 56 49 -59 61 -74 68 -82 -71 -83 22 29 47 -12 60 33 -22 -26 73 -9 -60 -20 85 47 -88 20 -71 -5 -47 -25 -70 3 70 -80 19 -90 -34 -82 -5 77 -94 -11 -85 86 -16 -71 74 44 -9 -60 77 -63 -36 36 24 27 36 64 -20 35 51 82 -46 -34 9 -8 26 17 -25 -47 
80 -86 23 97 -82 66 -11 -72 -56 29 67 -22 88 53 -8 -30 -76 55 60 -33 25 36 -95 87 -74 -92 -66 -86 82 76 -55 23 81 -29 -31 0 10 -47 65 54 -84 34 83 42 -22 27 60 -8 -88 -83 -22 4 -92 56 -56 79 -73 -98 -78 94 -77 52 19 -47 -25 -69 -17 -47 38 -90 -14 -28 97 -82 94 70 -79 43 92 -48 4 -30 -84 -52 -46 62 -90 -46 -17 15 -50 -17 28 -100 41 -53 -48 -62 -70 -29 
93 -96 73 -56 31 98 -84 23 85 -9 -92 -98 42 59 12 85 89 -12 -16 10 -59 -33 -85 -89 -18 96 6 25 -6 -29 -10 -92 53 46 67 19 73 93 -42 -2 -3 -98 -71 41 86 -77 27 0 90 -59 33 -91 -36 93 -31 61 -48 33 66 57 44 75 -31 30 -8 -32 -15 31 97 -17 -43 -78 -6 14 40 -76 -77 -36 100 -58 -6 64 22 23 85 -39 91 -72 -40 -12 -61 -90 0 -4 -98 63 98 -64 -58 33 
84 42 -12 -93 -67 46 53 31 87 94 75 -93 -89 -28 99 -64 5 49 -35 49 28 21 -46 -90 38 44 -89 -84 -81 -69 15 -72 -19 28 29 50 25 83 62 16 20 14 -36 -72 17 -76 100 -43 8 -85 -67 -92 3 58 93 85 23 -93 -19 -11 42 -65 -93 26 -61 -7 32 -41 -56 -36 26 -90 46 51 -61 -49 75 79 -28 100 -57 -15 -67 66 43 0 78 74 -99 -46 -71 58 -74 66 -72 -94 -60 35 23 82 
-73 -77 -29 100 -98 50 -10 -71 70 -94 -5 10 -32 44 -59 -65 78 83 10 -77 -93 83 98 96 24 -38 -88 -55 53 -91 80 -100 73 -80 71 79 56 -66 76 -39 -58 -75 19 20 -58 -21 55 68 62 97 39 -25 -100 59 75 54 -54 -45 60 14 60 -47 6 80 85 -52 58 37 -27 -8 70 28 -93 71 94 -89 65 -77 -72 -91 -12 74 92 -13 38 -92 -48 32 -25 -35 -33 -8 -70 -100 -29 67 63 48 7 -1 
-14 -43 -18 -43 -27 -95 87 13 -26 94 -80 -58 71 -74 16 -71 90 -9 43 -34 -26 70 52 81 -27 17 -59 68 -96 68 9 92 -81 -24 99 56 46 -18 45 12 30 82 -17 69 71 93 56 8 -19 -38 36 30 -88 -60 -6 -47 -45 -49 -81 -80 10 69 1 -13 56 -66 -87 -75 -48 81 -54 83 -19 35 -86 20 -27 -95 -70 92 -92 -74 -87 -67 -44 -14 69 -34 50 -31 -48 -64 -94 86 31 89 45 -24 73 -62 
37 -78 97 -34 -4 9 90 -87 11 -80 -7 67 -47 17 -57 22 -51 96 -39 -37 -4 25 10 17 28 57 10 -5 -89 -83 92 75 -1 65 1 -16 54 -41 -30 76 56 -50 20 -40 86 91 67 -80 -63 62 6 -82 92 85 48 -43 -60 39 -63 68 88 17 -8 -20 -93 50 -12 34 92 37 45 -80 94 -59 -77 -79 97 -78 75 -5 50 -32 73 51 -46 29 4 -40 64 -45 92 -25 38 -60 -4 -42 16 69 50 75 
3 18 -93 -68 55 2 2 10 -100 -27 58 34 63 89 33 -81 -85 54 94 -54 89 34 -27 -94 55 -57 -3 -1 78 -83 -84 33 96 43 -28 77 5 31 14 12 -47 -25 7 -77 68 61 52 60 -69 -33 -63 90 97 -31 -85 95 62 55 90 -78 15 -35 -56 -97 -92 -51 -3 -19 45 85 -44 56 44 4 49 -25 57 -52 80 -52 61 -13 60 89 58 -23 23 -90 45 37 -98 -97 33 -76 -5 83 -72 53 34 -66 
-74 55 30 47 -61 23 59 46 18 41 -84 -87 48 12 47 -64 65 24 -83 93 -27 55 39 33 -98 39 73 18 -72 -17 -72 3 -72 -75 -59 -3 49 -11 -20 62 -86 -9 -66 15 -91 47 70 -15 19 56 -30 75 47 -30 18 27 19 -37 39 50 1 78 57 -64 42 21 -90 -50 -26 -76 -87 -38 -70 -90 -33 92 41 -88 -49 76 14 68 28 -90 66 21 49 -20 -17 39 -95 26 68 45 14 -1 -48 42 2 32 
14 -53 -29 55 76 93 -78 -82 -5 -95 -30 86 -7 68 41 -100 -17 69 -12 -98 -72 25 97 -77 92 25 -69 88 75 -85 -68 -67 86 98 -71 -51 -56 -40 -80 -71 74 55 4 -17 -53 90 4 0 28 9 -25 88 -71 -34 92 -81 5 -33 56 -8 66 -57 -72 -55 85 -79 76 -37 -84 -10 -62 95 -86 -22 -68 -96 -55 -71 5 -62 67 -25 50 -60 35 -55 -61 -60 17 -61 -18 53 49 -44 62 -47 5 -68 -81 -15 
49 98 -85 94 -65 44 30 69 88 -7 -75 61 -96 -46 -61 47 43 40 8 56 14 -52 -66 8 14 -86 72 -24 65 -70 -91 77 38 -57 69 -3 83 14 7 18 -53 86 40 -5 67 -32 30 -14 14 77 0 61 38 74 67 58 38 85 -56 -83 70 5 100 -42 7 67 14 -58 -82 -3 -63 96 66 -84 84 13 38 -54 -36 92 -55 27 19 40 75 -37 -1 -82 -2 23 67 -6 74 87 85 -90 13 86 100 -92 
-56 17 52 3 -66 -47 96 51 63 -82 48 74 -59 72 -76 32 35 -20 66 4 77 -19 -46 -82 -29 83 12 7 -68 -32 63 85 -2 -3 95 -39 -8 -60 -91 -16 26 90 -90 35 82 -95 -50 -75 9 29 31 -4 -67 -62 -82 -94 4 68 -15 6 -40 38 75 12 -87 76 -89 -8 70 -83 -38 4 -83 -55 -86 21 -53 -67 -85 79 56 -3 21 34 -39 -24 61 9 87 60 93 -18 69 -33 95 88 -97 -42 75 66 
84 -35 -1 54 -40 59 -66 -40 -23 77 -94 -43 -43 21 -25 46 -83 0 69 -60 56 68 -26 55 -18 -4 -44 -4 -54 -27 16 -28 -11 18 73 25 34 33 93 -9 -95 -26 -10 46 86 -56 -1 31 -68 46 -77 -43 -31 -40 73 -58 -43 -4 -37 -29 52 -78 -50 87 29 38 -41 41 -61 34 63 -44 -59 -85 -45 -45 -63 -81 55 -52 -71 -98 -68 92 -86 -6 -8 -38 52 -94 85 -97 79 65 -58 15 -1 -78 18 85 
36 -24 -53 64 -6 -97 76 54 87 47 -100 -68 1 74 -71 -88 36 -21 -32 69 64 17 -46 -36 -21 35 21 -74 -27 -41 -92 31 75 -43 -8 76 -7 58 -83 15 -38 -5 -27 -51 -98 43 -17 -29 40 -41 -93 18 -67 -45 -85 -73 -67 10 -25 42 23 -3 -67 -61 97 -61 -14 20 -51 63 72 81 -31 -25 -73 -14 -41 8 4 -54 14 64 -20 81 -46 88 -52 -58 -86 -79 -15 -6 -35 35 43 -24 26 -100 58 -17 
-37 -46 34 -61 -48 -9 -54 33 -51 15 -60 -62 -21 -34 -29 -52 -32 9 -73 -76 -42 38 -1 95 -55 92 -26 -78 -23 10 -7 71 31 -94 54 -14 52 -6 -83 -31 -6 80 82 -35 -6 60 88 -53 -63 95 57 -31 -63 -42 12 -67 -21 -63 -90 -50 -48 -25 74 36 -83 -58 17 -28 32 -23 84 -65 75 -14 7 -53 -7 100 48 36 93 92 -46 -87 -66 23 -78 73 57 59 85 -69 98 79 -81 24 -93 -100 -31 -80 
29 28 -6 67 9 -59 -49 -55 -7 -85 76 10 44 78 20 -60 -29 73 -74 -52 -15 69 19 -59 5 -20 -33 28 84 18 53 -96 -34 -9 34 81 -22 -80 -85 -37 -25 29 90 64 -57 52 -31 39 -82 -78 88 -46 62 31 72 -92 45 -36 -42 67 -52 16 -75 -78 -2 66 -33 13 -18 -85 -27 -20 79 -9 72 -76 53 96 -59 55 34 43 -72 -52 -96 21 15 90 -5 -39 82 -7 30 -81 -9 -95 -38 -26 -9 42 
-26 65 -32 -60 66 23 89 -40 -79 -71 -5 90 5 21 58 -68 59 -27 -76 31 53 -65 36 -89 -25 50 -32 98 15 52 39 -54 84 68 68 -8 -84 -93 77 6 -73 64 -83 -61 3 -74 31 18 -91 61 -97 90 95 65 -71 -18 97 -48 62 -44 27 35 43 72 -54 -50 70 -94 40 21 91 -75 -90 59 -63 -53 22 20 -38 -35 14 -52 38 82 47 62 81 -44 74 20 -46 -46 -9 -93 -60 -78 -39 -93 -14 -64 
-75 -70 97 -30 -33 -99 -30 -35 34 20 -10 -14 77 81 15 74 88 39 31 88 100 15 -44 80 -3 16 83 -58 2 91 -44 -69 18 -20 41 1 -60 85 -75 68 -72 -16 86 34 14 20 -95 -70 85 53 -51 -25 21 -50 86 -59 31 73 65 50 12 -3 -73 -16 97 -42 54 31 13 34 -21 63 83 -53 9 36 6 -60 56 40 98 -79 -22 -65 3 0 -61 26 -72 -37 37 58 84 55 -58 55 88 -80 -29 60 
-30 -49 60 4 80 -44 -28 -72 -19 -78 -42 70 -71 31 -75 95 -84 -40 -85 81 -24 100 -78 -87 41 15 33 47 -29 21 6 -66 -68 -90 -35 -65 -29 0 71 -53 64 36 42 4 -12 -88 -75 9 -28 49 -6 -57 51 -64 -31 33 -38 99 98 11 26 62 -56 69 -71 -26 91 60 -2 -48 26 -16 32 -57 19 68 85 -34 91 -43 -95 7 -75 -79 -58 88 -1 62 -61 -7 -76 -96 89 46 25 -43 29 -7 -3 27 
-51 -82 -51 32 13 37 83 13 -59 -51 18 -56 60 12 -57 -24 78 94 44 75 -87 9 8 -15 -5 29 68 2 48 6 93 -41 0 37 42 -73 -21 -39 28 58 9 -50 -8 -80 -6 -92 61 7 -14 -84 40 24 46 3 91 47 -74 -68 18 -63 -86 23 1 79 -50 -15 -9 33 -59 47 73 -6 -86 88 -25 70 -25 46 53 43 -39 82 -96 67 -28 90 87 16 -36 -55 12 88 -40 87 -16 88 40 50 29 100 
-7 6 -73 87 -75 -74 12 98 71 -42 39 44 34 9 57 60 5 32 94 -97 -15 12 -86 53 -8 22 -75 -63 77 -58 -48 96 -29 57 -22 33 -49 -100 17 29 -67 30 -91 -48 90 -78 73 80 87 -25 99 -89 -92 32 83 25 -15 -68 56 -12 59 -22 -55 -89 -63 69 -48 81 -26 -56 63 50 81 58 67 -89 53 1 27 80 -97 52 -47 21 -77 54 -24 -58 -99 -58 19 45 -57 64 66 -11 -6 38 60 61 
-94 59 10 83 1 57 10 -33 -19 2 -21 17 80 67 -90 -96 69 -22 44 -61 -51 6 -26 12 -84 57 -46 -81 71 15 -91 -52 -64 81 -77 100 -71 37 -25 -87 93 -57 33 -82 82 -57 -34 79 -25 -94 -58 -57 -23 -35 -91 10 10 -24 -88 70 -63 -26 -79 52 86 59 43 81 87 -66 6 94 34 -2 -32 -3 75 -78 -12 5 91 -59 -24 32 60 98 -45 36 87 -16 -17 97 -7 -53 90 -57 86 4 -72 52 
-89 -62 -45 84 -64 -62 81 -23 75 42 44 -82 58 59 41 -1 -16 83 -80 3 -34 -4 35 94 -9 -17 -27 -63 33 22 24 13 15 -78 -55 -56 -81 96 17 -2 -41 20 91 69 -7 -90 -86 25 92 -21 -54 -27 65 -42 85 37 -57 -39 35 -12 -64 -46 -21 69 40 21 89 17 -29 81 -29 -24 -9 -77 -86 -97 56 21 -57 -94 48 -84 -78 62 53 27 79 -43 -23 53 -85 -89 -84 -60 10 -61 -90 -50 97 30 
96 -6 -11 83 -77 91 92 23 59 -74 28 -44 25 -63 -49 -38 -15 -91 11 16 25 39 -4 70 -57 77 45 3 48 -5 70 14 78 -20 -14 -30 -76 26 -89 52 -10 98 -26 -34 45 83 58 21 -65 91 -90 5 50 -7 84 -83 52 74 -58 46 73 29 -54 -54 -16 -56 47 90 -66 63 -40 -69 45 7 87 -12 -21 43 -94 -45 44 -23 -5 82 -80 -34 91 -64 -92 -48 -72 -25 55 -22 -16 -95 -77 -89 -47 45 
-43 -45 60 -1 -61 -65 75 81 60 51 -66 -76 -16 64 -69 32 -69 -33 -79 29 -1 60 9 -13 57 -26 86 -71 51 -50 91 -23 31 3 69 -90 -87 -55 0 -90 -99 -2 65 30 53 76 7 -23 73 41 -72 67 73 72 -85 -87 34 -20 -24 99 -24 -45 -95 -58 -68 -99 60 -43 89 100 -9 98 -5 -49 16 -2 43 -98 -89 35 74 -94 8 -46 57 91 -12 34 -17 -57 -38 -72 49 -66 78 -78 -83 1 65 -45 
-80 -23 -76 37 88 38 1 -76 -55 -62 -63 45 87 -21 -41 62 70 -17 -5 53 -71 47 25 49 74 -4 48 32 43 -16 68 -72 -91 31 83 49 -80 -22 -27 31 28 6 -90 62 100 -68 -53 97 -77 11 42 -26 31 -10 54 71 -6 63 -55 39 18 19 -1 -72 0 -73 75 -98 74 -83 29 -37 77 -22 -13 25 65 -34 -67 -40 -89 56 43 -26 -83 86 -37 37 -10 -14 39 37 32 53 73 97 -45 72 22 -59 
10 29 -57 100 -28 93 -86 -29 45 84 47 67 -63 13 -35 -77 -71 -5 -18 51 -94 11 91 9 99 33 -41 -37 -60 -99 -51 -16 -39 -99 -30 -3 -44 82 15 40 69 88 28 -7 90 -90 -8 87 1 -92 -48 -39 -90 -53 -2 94 -88 -48 -70 74 -50 -41 70 29 -41 -3 67 -23 41 32 -14 29 51 77 27 33 77 -86 75 -92 87 -41 53 -22 52 71 95 -61 -31 -3 59 -81 -28 -89 48 -70 80 -85 -90 -38 
75 -23 -5 -6 39 46 43 -77 -22 30 -58 -92 -100 -19 -97 57 51 97 65 -8 51 27 51 -99 24 86 98 -66 -87 61 -81 71 -11 99 22 -72 67 43 19 -98 59 -5 -9 66 49 -27 72 -28 -58 49 41 20 55 82 -7 27 -15 23 -1 95 -62 -35 79 -6 -90 -77 -33 -64 10 6 -22 -52 -97 25 66 89 57 -11 -90 94 70 -96 72 -5 -12 90 20 13 -14 29 -77 -9 -78 66 -99 92 92 -75 -45 -57 
-68 5 58 79 -12 33 20 -97 -3 -72 -38 19 -44 -81 18 -68 36 -2 79 -98 -63 85 83 -47 52 17 33 18 67 -5 -66 55 47 -76 -86 21 -19 -13 -58 -65 85 73 -27 40 94 -4 84 28 71 2 -51 51 90 76 22 -73 32 -58 59 82 80 94 76 -70 77 40 44 18 -17 7 -68 -2 -86 14 13 18 67 -93 -46 -36 -45 20 25 -64 97 43 -75 -47 -72 78 -54 -46 -37 1 90 46 5 -91 95 -5 
-57 -35 73 3 -66 -82 27 -41 85 61 -19 65 88 81 -72 15 66 0 -64 -97 100 56 5 -99 -67 -25 17 -49 11 -85 -49 49 44 -90 0 -30 88 -39 23 -61 6 99 64 -26 52 19 -63 -62 -74 -35 45 -55 -95 -83 -97 80 88 -63 61 13 -98 46 63 11 -60 -66 62 71 -64 2 90 53 -60 -82 -57 28 98 -17 -97 -94 -66 86 76 98 92 41 1 22 -93 10 3 -63 80 62 -74 85 -61 48 -40 -56 
76 -41 84 -12 -50 -85 90 48 88 12 -67 78 -19 -100 -98 91 -20 -8 63 -72 22 85 28 -4 0 51 67 31 93 -78 -53 -85 5 -88 -24 -21 -60 -65 -79 18 -28 -9 68 -13 -24 99 -96 -28 17 -54 51 52 2 -51 75 -68 -17 64 -90 -70 38 27 17 -1 -69 8 -30 43 72 -18 4 6 61 -58 67 -24 87 65 42 63 18 -51 78 46 -46 98 25 -27 -51 -10 90 -56 93 10 -18 1 -77 94 -61 21 
-81 -8 -23 -52 -25 -52 -73 3 -94 -52 -29 66 89 12 29 -54 6 61 56 44 -6 -32 -97 -47 59 -34 55 -52 -68 -36 -40 18 -58 -77 -43 34 -73 70 -89 -75 -48 22 -87 79 -12 -99 33 35 -85 -20 -30 75 -39 -89 40 -99 -39 17 18 25 66 -66 82 -14 93 51 88 7 87 93 -25 36 -100 82 -76 -24 -87 66 -34 25 -34 -24 -7 -15 -4 51 -24 -76 -10 -61 -14 52 55 -52 71 -30 70 80 -19 60 
-57 -91 -20 28 0 68 -23 31 -15 91 54 -4 -7 -59 -91 12 -64 -12 77 11 26 29 43 -60 -78 -98 100 -77 19 60 -87 16 -78 89 46 -33 -6 77 82 59 40 95 18 60 44 -28 41 77 47 7 100 -92 -48 53 -39 65 -72 -83 -44 -89 -97 -82 93 94 10 -90 -64 98 6 9 12 10 -30 -47 -76 26 97 12 37 31 -9 -1 0 -86 -37 -42 90 39 62 -26 39 85 -36 60 33 38 -44 -64 71 -33 
58 -83 -77 -41 -41 25 21 39 15 16 14 3 2 53 -40 -55 -11 -62 2 -51 -96 53 -88 25 -4 -79 92 58 84 -58 -31 90 28 -35 5 49 -47 3 -74 13 -16 -17 78 -64 -45 90 72 37 -74 -65 83 38 -31 -10 -11 -76 -36 61 -34 56 95 -37 80 71 -59 -97 98 30 47 8 -11 2 -33 -46 22 -47 -28 -67 3 82 95 66 55 -7 2 84 71 -48 48 -83 43 95 80 -54 -59 -37 -62 2 40 70 
2 -100 -65 78 -76 73 -41 24 -52 -11 -83 -37 94 97 -82 -74 70 -95 -11 70 20 34 48 11 -38 32 -94 -1 -99 -91 7 -48 -100 -12 0 -99 4 31 65 25 -75 68 -37 60 60 74 -21 30 -13 -76 89 -35 81 5 74 13 -27 -24 53 91 19 39 -86 -31 -56 -74 4 51 94 -88 -42 12 -58 -50 27 60 -35 -73 16 87 46 64 -37 81 91 -95 31 26 79 2 -38 -74 4 -74 -28 91 -83 -26 -12 -48 
-20 75 39 -79 67 -57 32 -55 -28 19 -19 -81 41 75 -48 -93 -32 -51 59 32 97 12 99 47 63 56 0 -66 -28 53 -100 37 38 4 64 -59 80 77 45 65 32 -88 -68 -52 -12 94 -8 -65 73 87 -4 75 86 71 -100 -72 25 -32 12 -12 -71 38 -41 -68 -68 89 -83 -92 62 -22 -37 0 -6 31 -16 -35 -4 -56 -19 79 95 -80 33 97 86 57 91 -5 33 66 -12 -49 -7 -23 -27 67 73 -99 -10 12 
-86 41 -86 -41 -29 -30 12 48 -76 -84 27 -62 -6 74 -3 -57 78 73 -83 -49 -72 -86 38 24 18 -66 -31 90 73 21 75 -91 0 -78 -43 57 -49 27 71 37 -13 23 -49 86 -60 -94 7 -22 -7 -1 40 -62 85 37 -11 0 -42 47 63 -92 58 91 27 68 -53 56 -47 80 87 89 -31 20 -36 79 -31 33 18 12 -28 -38 -46 69 -64 36 24 -48 50 37 -18 15 80 77 65 -92 -23 -56 -43 10 -81 -82 
65 69 59 -33 1 -65 -95 -43 -24 -64 75 -71 22 -42 -17 60 42 10 97 -15 42 -92 -23 -78 95 30 -1 47 -16 -46 -12 36 -60 81 -99 38 -62 -35 26 -57 93 -96 -100 10 -56 8 -70 -34 9 -42 39 -11 -59 3 -42 -59 -28 21 -51 20 -23 99 39 19 -12 -59 68 -24 -32 -15 -70 -24 4 -49 -67 16 1 41 -100 -7 21 -61 35 -72 77 -64 18 37 -46 39 14 49 -15 27 -87 37 -21 -87 -78 82 
43 79 -84 44 -39 -34 -51 89 -11 -89 -46 -86 40 23 -79 98 78 52 -75 40 83 90 17 43 54 -25 2 -70 7 -12 75 -29 54 44 -54 99 -2 0 -38 -100 25 26 -43 93 -95 72 -97 57 -85 66 73 -83 -95 -54 -59 14 -21 -21 -26 -64 -29 88 80 -77 -52 -78 39 64 29 95 -56 85 38 -8 95 56 81 -92 29 -26 -27 65 -1 -8 59 -66 -35 -22 15 -65 77 20 47 -61 100 78 8 38 95 -57 
47 11 87 -54 30 -87 -25 41 27 21 62 71 45 -86 -66 -77 -71 -36 -10 -43 -52 -39 -70 68 -37 39 30 18 46 -96 -52 -86 -17 23 59 -30 -85 37 96 54 -74 -62 73 57 -52 1 35 -94 55 96 -100 77 -93 55 11 -39 15 18 54 99 -90 19 -80 -92 73 22 78 80 7 -7 6 7 47 17 72 -22 35 -90 12 -34 23 95 39 54 27 -72 3 12 -80 -71 34 -74 89 66 -82 91 66 -81 -16 91 
78 -41 98 56 92 -30 -5 -74 -40 -26 39 -16 -28 -33 1 -5 57 85 -53 84 -84 -49 92 -17 32 -100 -46 -45 41 -46 5 -64 -4 -12 84 5 23 -65 17 -60 -31 -36 81 -12 65 58 19 83 -84 -81 -29 36 16 -40 -51 94 -69 -55 -60 -85 -11 -81 -67 -81 -53 -50 53 -46 -98 -16 26 -57 -36 -38 97 25 84 98 80 -41 39 11 -3 -26 -92 26 3 97 -98 15 -53 78 -89 95 62 29 39 -55 39 -96 
63 -19 83 38 -60 5 -77 63 41 -38 23 79 -96 -2 67 97 26 -61 -63 -85 -30 99 -44 19 40 -73 53 10 88 -63 42 -75 98 -67 93 -6 -49 -33 21 48 90 -22 41 -61 -95 -8 67 75 -29 -65 77 33 -18 11 -91 -23 86 -65 61 71 -93 -10 91 -70 43 -16 34 -48 10 -59 -50 47 -38 58 37 15 -44 13 -100 -43 -82 -20 95 -90 37 -30 11 8 -78 100 47 -54 96 -46 93 -87 -52 50 -84 35 
-63 -81 -61 37 -84 -33 -6 26 -35 8 -87 69 6 54 -17 92 57 2 49 69 19 68 -31 -81 -90 98 4 39 67 35 -71 -38 -88 -85 -73 25 10 81 69 -10 72 -22 83 -23 -78 6 -28 -63 6 1 4 -25 44 23 -2 10 -73 -76 -42 -38 -80 50 81 22 -43 -7 62 61 88 15 -48 57 3 -55 37 44 -37 -26 43 -4 47 -85 -42 -100 -9 -31 -74 -4 -74 -4 76 -49 -33 49 69 36 -19 -50 -70 -52 
98 -26 77 -94 -91 -64 13 18 32 -21 28 31 -7 -57 85 17 86 -19 73 -62 -55 18 -76 -68 38 -99 -62 -57 82 42 -53 -87 74 17 1 47 -17 68 -67 -19 -56 35 -75 -75 88 -93 25 -47 63 -35 27 -99 -73 -60 -84 81 90 86 -22 9 -11 -26 -76 -81 64 45 4 30 -73 -64 -20 -62 -48 74 82 28 -8 64 71 -9 41 -56 74 96 75 -74 100 -91 78 2 29 89 -42 79 -71 -67 -25 -71 88 40 
65 -88 59 -18 32 53 31 -28 -22 -21 70 -24 -52 75 -79 38 51 -99 -71 25 11 -56 0 -96 82 43 55 59 63 29 26 -73 -87 -78 -10 38 -7 52 -93 2 -17 -48 -91 -92 -56 73 -56 -81 80 -19 3 -51 -18 100 -15 96 20 34 60 22 -86 8 -48 33 -56 -16 -71 61 -90 -62 -44 -14 73 -66 98 -28 98 -42 42 58 47 -66 -19 -76 -77 -47 14 24 91 -70 -95 -69 72 -15 -34 59 55 86 14 62 
87 -62 87 -12 100 -81 26 -46 -31 -38 -13 48 -89 -57 72 -80 -32 -7 -8 -7 -19 -64 0 65 12 -43 35 -13 -86 -53 -62 57 -99 54 -51 -9 -37 36 -62 57 7 -28 64 1 71 -7 -8 68 47 9 68 -1 -8 46 35 -70 -35 58 8 27 36 -7 -24 -99 83 -82 92 20 37 -17 3 -44 27 -15 -52 64 -6 61 18 -24 95 -62 87 58 35 -97 -59 21 -12 -4 -63 -95 -94 -13 -27 20 34 -27 30 -98 
36 28 31 -25 10 14 17 14 -12 85 67 -86 21 -86 -3 36 89 92 -70 43 20 -60 -21 62 -42 -65 -8 -57 -24 -81 -27 63 -45 -71 -100 90 20 -66 -47 -40 -98 -33 64 57 -96 34 100 94 27 32 97 36 -92 -58 21 -100 -36 -88 -22 -100 9 6 -81 1 -100 32 23 -65 -88 -77 -64 -82 12 29 30 55 43 8 8 39 -34 -46 -88 -20 95 38 56 50 64 -8 -4 66 11 -98 77 -63 11 -91 69 -75 
4 48 -70 -17 62 -15 -24 -3 -95 46 0 -91 -23 77 -81 16 -9 75 -45 -36 74 15 61 -51 56 100 24 -30 62 -35 -75 78 -66 15 -89 78 -24 -98 -78 -40 32 66 60 -73 -87 -47 -21 31 59 19 91 -40 -57 78 44 -80 -14 -81 1 -30 -16 34 -60 66 -100 -83 38 -58 89 -69 -41 -5 -2 78 -99 78 -30 50 -22 -35 14 -60 86 29 67 49 -60 -71 17 -46 -58 -59 38 -66 -25 27 -61 -40 -52 -56 
-54 77 15 85 48 25 -22 44 -53 28 -13 57 -33 -91 98 48 -58 37 97 29 60 86 -64 -44 93 13 -72 -54 -80 98 -19 18 32 37 51 -93 2 0 -79 34 21 21 -50 -82 -62 -34 -20 -3 -6 -40 91 -63 -26 20 -91 53 -2 -98 -56 26 50 -75 79 65 -91 36 0 -28 -87 85 -23 -59 -57 27 1 -85 53 4 -66 -86 -21 8 63 33 43 51 -88 35 19 -82 -60 -82 -60 59 66 -83 3 21 65 55 
-10 4 -47 96 16 53 -90 62 28 -80 -60 69 -92 94 -7 -25 93 -88 -47 -47 -38 -65 100 31 89 21 38 -59 59 -76 35 -73 -49 11 -93 -23 54 70 100 -63 -98 -37 -57 98 92 -55 12 -45 -87 -43 54 -46 -52 -49 2 -8 71 -65 -59 27 93 45 56 -38 59 -30 86 -55 -71 -44 -9 44 16 -51 18 -20 -58 19 5 -65 11 60 77 0 -24 -64 -47 -100 63 -80 -79 32 47 48 90 13 -93 -14 47 87 
45 24 6 55 -1 -10 -78 54 -92 60 -43 3 -7 -94 -5 74 -21 54 -37 -99 16 83 39 81 97 -66 -48 22 -78 57 -22 -22 5 21 70 32 -90 -49 -76 73 -15 98 -83 -92 -5 -71 50 45 -42 78 -49 -76 -49 -9 87 -89 -2 17 47 -54 -2 84 23 -12 -65 -42 -42 21 -71 59 51 33 28 -60 -73 -12 56 48 54 98 -71 25 -87 -65 29 34 -82 86 84 -93 -46 -25 27 -88 -50 -97 -48 -20 -18 50 
48 -96 49 15 -34 82 -71 -90 57 56 -12 -63 -13 30 -57 4 -31 -30 -1 61 81 31 -70 12 -6 72 -23 -93 -26 60 72 97 -98 -54 59 -1 0 16 -52 54 68 -81 -77 -26 -24 60 -72 22 98 -20 89 33 7 21 -52 -58 -8 34 77 -3 -19 66 -38 80 -36 36 -2 41 -70 69 -72 92 16 97 37 -5 89 -4 -47 -51 -27 13 -81 -81 98 -39 29 95 -88 -43 45 12 82 -49 85 83 -11 -26 -25 11 
8 15 -14 17 47 -44 73 13 48 62 -38 37 81 -69 -16 -40 -14 53 -48 -82 95 0 15 25 64 70 -68 59 -51 -85 -99 95 -9 52 -85 4 76 80 70 -93 -83 -42 -4 27 -49 31 -91 -14 -27 -4 -37 -89 56 30 -13 45 3 11 -92 90 100 -50 -54 -76 84 -18 71 7 33 -34 -22 21 73 87 -38 25 96 -99 71 -65 100 -76 73 18 -2 -53 -98 -54 -90 -92 -49 -95 -66 -66 -39 68 8 31 87 -89 
98 -92 71 91 -44 -35 92 55 -82 4 91 -80 -96 -58 1 -52 -91 62 -17 40 5 -79 65 92 -68 -41 -72 -17 40 11 -57 -86 27 -69 63 26 -56 65 100 -30 88 82 43 -50 -86 69 6 64 89 99 -56 -92 23 78 10 -17 -6 46 -96 43 90 -14 -98 71 -52 -39 -17 -51 13 26 86 -64 69 -65 16 68 -27 -21 -52 23 95 -23 92 -63 -97 22 -92 -31 20 -88 47 -84 -41 43 48 8 -35 -3 -1 -44 
47 72 -58 -19 9 61 62 99 38 -68 86 -23 48 -1 -35 -87 -5 54 70 -11 -5 59 -86 -1 -44 -20 15 90 50 52 57 -12 66 34 7 -44 -18 -11 -27 -78 50 -96 -37 -77 -21 -31 82 -41 -30 -49 -25 -22 50 -64 -4 55 90 -51 -66 -95 44 99 -10 -36 -98 -33 -74 76 18 97 -80 6 100 29 -7 -4 -94 28 1 40 22 -32 -76 -17 13 50 -100 82 6 -32 17 -23 -55 78 -83 10 -87 86 83 77 
46 -65 82 93 16 11 48 76 -90 -16 34 -41 17 0 8 -2 -50 -27 1 31 58 -40 -21 -9 -90 12 -59 -20 -17 -45 77 -47 -43 100 -25 -84 51 -69 26 -57 -46 -23 95 -6 11 -23 -29 67 83 -32 -88 20 34 -57 -70 13 7 -70 -87 31 -20 63 42 36 4 -73 -9 -38 -81 95 -85 91 66 27 19 -77 43 77 25 -51 16 39 -56 -1 -33 -33 25 22 29 77 -66 -69 -12 -97 54 4 14 -83 -41 10 
78 10 -80 -54 95 -45 -56 24 -68 -23 82 -57 74 92 15 -59 -8 -89 42 32 -42 5 70 39 -1 86 9 9 2 67 -33 -71 22 100 58 37 -27 14 44 71 -47 -19 59 8 69 -67 -5 57 -73 -49 -98 91 -51 54 -24 66 -64 -77 77 81 36 -2 66 -78 52 -51 6 8 65 -77 38 88 83 -5 -7 76 -28 50 91 -76 -70 -50 -61 -29 -20 76 -14 96 44 -30 96 -52 80 50 -12 93 67 -22 38 51 
-51 40 15 59 63 21 12 10 -92 -41 25 47 33 -4 73 14 -33 -71 44 -56 43 4 -8 98 60 55 83 -43 10 -47 -17 -88 -73 23 -65 90 -21 -38 85 -34 -26 71 31 11 18 -34 -32 -51 -40 20 -67 -26 7 -40 29 7 63 -73 2 95 6 -43 81 11 -43 54 -77 -41 68 19 -9 -64 -99 -72 18 -98 12 -5 91 45 70 63 27 99 -59 70 -4 49 83 -77 60 -77 42 41 -5 47 79 -28 23 65 
-49 74 80 -5 87 1 56 -26 69 -68 -62 -21 -1 27 94 71 6 -16 -8 86 -99 99 7 33 -38 72 -58 -36 96 -63 96 -24 -35 -37 31 80 -74 74 74 2 -94 88 -54 17 44 -32 -10 86 84 -42 100 35 -48 32 4 -27 -73 27 8 34 80 -64 65 -29 22 63 97 -23 -75 -51 -45 63 -20 23 -33 -94 40 -17 -43 -100 -1 58 -52 24 -19 1 42 -70 12 -61 41 -45 10 -46 -57 87 20 98 -85 53 
87 44 61 72 1 -3 -17 -69 30 6 -67 2 -22 20 -20 57 -2 -17 53 -41 90 85 79 -44 -80 -2 -3 84 74 -60 24 -74 54 37 -97 42 65 -2 4 -92 26 27 -10 -98 60 99 68 72 58 37 -48 42 -55 -31 100 81 -35 -78 -54 -48 -13 20 98 -3 -55 -5 -50 76 -72 -83 -10 -29 21 13 -75 25 -35 -80 23 -49 -93 -40 -22 83 27 62 -96 83 -3 19 -35 81 -59 -64 92 -32 -82 -71 74 57 
-71 47 0 89 53 43 -93 -91 -81 94 50 74 97 -81 -79 14 45 -13 50 49 17 -86 30 -85 62 11 83 62 -32 58 69 -66 -91 96 14 90 73 72 -79 -89 14 -74 -85 95 35 -54 -94 -27 -32 50 33 5 -5 40 55 -22 12 82 -76 -34 87 -35 64 -75 86 0 87 -87 14 -17 -76 -53 -89 -30 30 -51 -11 -89 -82 64 -94 72 -40 -84 15 -63 -79 -36 11 -30 27 -49 -11 13 -78 -69 -71 -87 63 12 
-82 95 22 80 97 31 -77 60 67 -51 -18 0 20 -64 -75 30 21 -100 -26 -21 57 -60 93 63 100 -90 -37 64 -44 54 -64 52 46 61 78 -21 -93 66 -61 -80 30 16 85 73 -32 68 21 38 25 -9 1 58 45 -50 79 -81 -32 -64 -97 81 -72 -66 -100 -20 -56 18 -76 96 40 -39 3 90 -42 -17 80 44 60 -12 24 54 -82 -17 -17 -6 -84 -33 -35 -55 49 3 -4 -99 -50 46 43 -43 86 50 35 11 
-93 -11 25 13 -91 -19 82 74 96 56 25 -66 22 -42 34 78 8 -82 -36 -47 50 3 38 36 68 -45 -36 -62 18 94 -88 -6 82 -59 -15 -61 73 70 40 -79 12 46 -20 76 26 -22 38 -59 -36 -55 95 75 2 5 -85 97 93 70 -35 1 -26 -11 -59 -13 -86 -74 41 -57 15 58 -85 -7 -37 -12 15 -91 -24 0 53 85 37 -41 73 -7 77 -3 46 -73 -6 74 -24 -34 -16 9 89 -55 54 -16 98 87 
-26 61 -50 84 33 -40 29 20 13 -9 10 36 -90 72 -40 -84 -61 -35 -40 -36 -65 -98 73 -36 -77 -8 55 95 15 88 -27 86 35 -73 -36 27 -58 97 -5 96 5 40 21 70 93 17 -96 69 78 -61 37 20 -68 -25 -33 96 -25 -97 72 -52 -65 97 4 -78 2 -14 63 65 28 76 13 54 46 62 -2 -6 19 -22 49 75 74 -41 -74 78 -97 45 15 -9 67 -52 12 -48 -32 29 65 17 6 -24 -21 -96 
-83 -95 86 43 30 32 -26 -72 86 51 96 -48 -50 65 21 79 29 -12 43 6 8 13 33 -80 -88 -90 -91 -6 50 -2 50 96 -59 42 97 -50 78 72 0 16 84 -46 19 -38 -88 -18 -91 19 -58 -59 -89 2 87 -7 -46 -11 -11 -75 -33 -85 59 -62 -43 -49 -50 -18 95 41 44 15 65 -56 25 -50 38 -32 16 -55 -54 -78 -44 75 78 -100 3 -69 37 -54 -71 -88 29 -69 -33 -18 -7 -36 -22 22 0 -1 
72 -64 54 67 -83 -38 66 -27 -53 78 69 -55 -45 0 43 39 -68 53 38 4 100 66 60 98 -16 54 14 -11 15 -88 20 71 -92 -22 38 -69 87 -19 -47 25 84 16 60 100 41 31 3 35 27 -95 -29 -93 5 44 93 57 -55 0 66 37 53 -61 -60 58 74 -43 73 1 -76 85 80 49 54 57 -89 -82 13 -97 -99 96 -100 -31 -16 -76 69 -86 -36 78 36 78 -82 -44 27 -86 -76 77 0 36 -85 -75 
-35 -64 95 95 95 -44 -57 -45 -76 -63 -61 96 -11 41 -43 -14 -98 75 -11 67 -92 -49 49 -43 -62 39 71 -45 -20 62 -23 0 -96 -84 41 -26 71 -13 46 -29 -24 83 -78 -61 -48 -19 -50 -81 83 91 91 72 -4 25 87 6 -98 6 -24 -61 -100 62 34 -5 58 -5 91 11 14 63 28 -98 62 5 43 26 -18 6 -64 96 33 -43 68 -92 59 -55 -64 -82 77 60 72 20 -46 89 38 -41 -48 95 12 68 
56 -2 -36 -19 -47 -33 100 -55 64 -32 36 -7 92 41 -25 5 36 -2 58 -72 -10 46 90 -43 -96 -69 -19 28 -5 47 -13 -22 49 -98 -89 96 -20 68 -31 -79 -89 -65 -96 18 29 61 81 8 98 82 70 98 -96 -29 43 -80 52 89 75 -33 -51 -84 40 -78 -41 53 -50 29 -48 -73 87 -8 -9 31 7 -68 37 52 94 53 6 68 -6 35 83 -44 0 -16 -43 31 63 -34 -4 25 -15 -82 61 -71 46 -48 
21 -95 16 18 83 -35 -31 65 -20 15 -28 -32 78 13 -82 -17 68 12 -12 26 -67 -69 14 80 82 94 11 45 24 12 23 -19 -18 -43 44 -74 -71 -41 -17 93 63 -36 31 77 56 -55 38 76 -5 -29 -8 -53 55 70 57 -20 63 46 -43 60 -100 97 91 75 -31 97 28 -72 -32 26 38 2 -66 54 -73 -83 39 -76 -11 27 12 -35 -43 -29 72 -18 -76 -97 -24 43 78 -36 -8 -3 33 -42 -87 -28 43 -60 
-36 -53 -79 -30 -11 94 92 -67 -54 -88 -92 43 85 8 -92 -60 66 92 80 -66 22 69 -72 74 -72 -73 -78 -14 -86 36 -22 -41 73 32 -68 31 -98 -76 6 51 -63 -29 60 -89 -89 -94 72 77 -70 -48 -47 72 -78 -23 86 -90 -30 72 -53 -79 41 -35 89 -2 -52 -80 -32 -10 -80 -47 -81 10 24 -99 52 26 1 -21 2 30 56 7 -36 44 16 80 94 -33 12 -53 57 -28 -42 64 -32 60 83 -70 26 30 
21 -59 -45 -41 0 5 71 13 -56 94 -98 95 -45 16 100 73 93 -19 12 -96 -61 -92 -27 -58 -28 -45 -25 3 13 -13 96 -55 -100 -83 29 -68 -89 -8 8 -81 -52 -24 44 28 -53 -91 -26 71 42 -4 -58 90 -78 52 10 34 -94 -91 -92 13 -96 -33 82 -4 17 60 -73 49 -25 86 11 5 -68 97 94 -45 -47 -14 -86 85 -14 -13 84 93 -91 33 -76 77 -56 -57 56 -6 74 -23 41 -5 35 -27 70 -41 
64 40 39 86 10 15 82 96 18 -83 -20 86 -90 90 49 -72 -87 -23 -38 96 -39 71 -86 -72 92 15 54 100 -4 -42 57 -33 -3 72 -15 -49 -59 -18 -44 -96 -9 -84 -53 -88 71 -7 13 -27 99 81 -74 80 -64 78 10 -4 -19 -37 31 10 19 -4 -11 55 63 64 94 0 -69 -43 -12 44 70 -46 72 57 79 71 82 -8 -50 19 -31 -70 -8 61 16 -33 -94 29 -17 -35 -44 -50 -81 76 -48 -31 -45 -86 
-23 -75 -32 -93 -70 -62 41 -10 -53 -28 -3 76 -32 -43 -83 -97 -15 25 -46 2 72 -14 19 5 19 -82 -100 -70 93 75 74 -73 -11 6 -83 -59 18 -29 -70 45 61 14 14 -99 9 -69 93 -80 82 -5 -98 73 94 95 8 -8 -97 -53 4 40 80 86 66 -84 -96 56 -91 78 95 -40 -3 11 -99 15 -15 56 25 -71 -12 -46 26 85 13 -28 -37 -92 84 38 -98 -63 -10 54 -75 -37 -20 22 48 88 -50 82 
-96 -28 23 20 9 -23 -24 -46 76 89 37 30 -26 -90 -87 33 -90 -94 -84 -60 -25 -67 -62 61 -65 -43 -70 -49 -74 51 17 -84 -17 59 -50 -15 -23 8 91 61 0 -36 -1 -16 -80 -83 -84 57 -91 72 89 53 50 56 -50 -47 58 35 6 -84 -39 71 0 79 -34 81 87 65 45 29 -48 99 -8 56 -48 -74 71 -77 -58 30 -59 -24 96 -98 -62 59 31 -44 -79 -95 99 64 -84 46 -32 -16 47 71 -2 47 
14 50 77 -22 -93 -33 -86 -65 80 -67 -29 66 97 15 41 69 -79 -1 -43 -49 13 -59 39 -99 49 77 79 -89 92 53 30 18 44 -22 90 -65 -68 -71 -97 1 100 50 54 97 38 44 77 51 46 19 16 71 46 -3 84 -5 -28 -15 34 -91 -14 -57 71 -29 48 57 23 -85 -83 7 -19 78 11 50 -54 45 81 -30 17 62 -46 23 10 -48 8 -92 39 32 29 71 -64 -37 -30 -1 -42 68 56 76 28 13 
92 -11 8 14 76 -44 61 47 -15 51 -78 -62 -21 51 88 -71 -28 -6 -31 19 -89 -15 -43 43 -60 -16 -76 -24 59 34 -9 -16 -91 68 -92 19 -31 -60 -99 -58 20 66 -41 -64 18 89 64 20 6 0 -51 -62 99 83 -4 -59 -24 64 -70 -94 57 98 59 30 -90 -78 -88 -30 -12 38 -50 -47 -91 -100 -40 98 -98 96 -55 -25 -38 18 -31 -23 65 12 -91 -94 58 -74 -88 -63 -85 -1 -77 -57 2 -24 -30 -5 
