100 100
16044 -37652 68532 21304 21447 3913 -10503 20810 874 -4110 -50445 5280 -42095 -15535 -5295 57308 30043 -54561 3889 -9698 11166 32899 76266 23723 7884 -14651 26265 -4553 23557 -16865 15701 22506 -7356 -25963 12043 -33673 -10519 67235 -12098 -20860 -50001 24026 10503 -768 25664 -33943 1967 -2385 43427 -43630 18134 18318 35396 -75542 -50160 -37074 17714 4917 28126 -2372 22240 -74393 18679 16173 -25386 16005 46974 -13397 -35432 33776 -23562 28072 42284 29754 12421 38445 -55609 -28783 8486 -38 21354 15352 -13521 22769 2795 26988 5477 -34001 21134 -13077 13504 -30364 -30923 8531 -30983 21729 35739 -30723 -15113 6235 
8186 -17269 51927 83319 20709 10785 21090 -70175 34641 80270 1606 27369 5724 -59167 3159 -7641 -6957 4917 -31247 -34457 -10036 -11584 -2581 -12187 -14882 6628 22264 35088 30990 -27523 -69123 -36357 10340 36161 -39282 -29764 -21761 -9916 58183 -33523 -48817 -27828 3710 1126 9039 15590 17150 14237 -83798 -29227 -801 34315 33245 -10434 -40256 23750 2330 -38052 -10389 -54295 -9221 -9448 -27489 -41162 -9878 17883 -78999 -26441 7895 38513 25224 -41674 -98959 22427 7485 -26603 5545 -4319 -15569 52898 -8701 -36966 -23992 -8295 47165 23261 39917 45580 -15990 -14819 -31667 -1212 -21160 16462 -8169 32774 36324 31642 918 -60933 
192 34131 -10880 44994 57327 14691 154 74341 6537 -17833 48061 -1490 58193 10715 17326 -52138 -46716 -25032 21298 23872 -16869 4883 -37367 -11965 -6184 2248 7906 24002 8320 -27483 -22989 -33184 -1831 30228 -35765 -20435 22182 -41580 27066 1293 -32092 -18448 -3953 -25080 -37271 3255 -23523 34168 -57047 -6693 18044 27142 -74000 -16980 28514 -35783 -6255 36201 40071 4272 -34732 21142 -1066 -42020 85839 -10019 -46732 1610 -51710 -36727 -20287 -17476 103666 7930 -57913 -30059 9598 -6657 -73561 20899 73440 38449 -26615 -3320 22308 -51567 46804 -7491 40566 25236 -76457 11355 14915 44420 -53762 6961 -33473 45331 46086 44452 
-42164 14385 11297 4670 58760 -25039 27512 -9602 47514 23861 4595 -7877 3695 -11363 19964 -26930 -6801 -78595 52549 27160 -5927 44255 -41241 -75130 11484 4200 -24207 -20794 15054 6520 61393 15509 58339 -60530 -38189 26303 6380 20045 -17298 -11339 -42756 -20778 -42158 26789 1765 31986 39046 25115 -5060 -33925 -7223 82813 -11954 4840 28532 -23356 -46091 26028 -47891 28354 -52496 40638 -2122 -78043 12794 -45314 -12207 13583 42936 52967 17484 13851 -20630 -109253 -5677 -61631 71626 -28242 -7693 -7023 3569 -83854 38656 3360 -37650 -20855 3528 3802 -96882 39577 -452 -11986 16616 -28142 8235 58248 -8836 46368 -31632 10780 
-32087 20865 -48086 -41038 4802 -5898 48192 7428 -11779 -14469 18516 15094 8108 3030 -31312 -39726 -23271 55319 -28110 28116 -15454 -5227 19535 14341 -45868 -39636 5323 -17243 29626 -16118 58628 32637 11772 -14306 -54818 40585 -20388 16699 25789 -9948 3885 -33517 -12070 -77871 -29921 791 -40409 11364 5444 -15892 11166 -19174 15537 10263 -16764 23417 15514 37553 -15310 21818 35119 13965 -38590 37486 -9657 -59874 -4112 -67566 -43429 10149 34611 -47644 31028 15855 -7739 42439 -46010 -11067 -1463 32824 25916 -4794 -24822 -34044 -65638 5302 4232 8086 -14459 30814 2894 -29080 -4268 5929 1045 -66335 -11884 -20513 -32618 85167 
2408 -44112 8662 -41528 15913 -83143 27104 16572 39014 -53416 58271 -4538 15802 -10118 26113 -19460 -11200 -21449 -13154 56087 -51414 9830 -112566 -71078 25537 59672 43077 12783 12425 1406 9417 46208 28450 -52187 382 9938 39114 -4626 7736 74558 -24661 -53477 21393 -6221 -593 -2015 38476 41157 -5845 -1019 -22438 2954 -17673 13443 42797 80726 -43091 20914 -49779 -1222 -21012 -15890 -18242 27395 -54897 2972 -2804 -28390 63809 59675 5129 -2620 8793 10304 -23577 -20939 23054 -2896 -18829 9350 -22764 -54926 35350 29572 -9844 -21773 -47136 30789 -32208 25504 29731 43341 -13325 -12960 16763 -29372 23769 18869 -1140 -40954 
-80221 2579 -10963 45939 -27139 -17988 31021 47136 -21968 29833 32297 -25432 53989 3473 290 -28470 -11260 -27751 46978 50 -27202 -21460 -10699 10075 -5165 37348 -54937 -37762 16573 13449 82191 -45246 -30591 -15320 61005 26299 34804 -51380 -17664 -16415 50144 3167 12237 -17233 59151 -10048 -14245 -32987 32492 -32563 -34920 17782 15573 -5166 17515 -36821 -9412 -34550 -19434 9273 20548 48184 -41832 10596 52584 -8393 -62331 14405 -3924 -61042 22556 50459 3992 -7074 -19422 28439 -604 42628 74017 -8377 -23697 2377 -21659 -1063 15240 39749 30954 -43184 73217 -2292 14423 -40677 33435 15667 -69736 37661 -63240 -7169 49860 11157 
-18334 -40628 3535 -44508 44604 -30217 -2454 20844 -5435 18468 9488 -14025 -33910 30162 -2625 -17018 1078 -23583 -48077 92642 15649 13856 -1177 -24773 51492 1845 1606 31990 -10215 -27864 -35051 7139 9158 10033 -6644 -31765 7138 -798 47358 -21157 30109 46244 -24249 -2609 65055 41203 33145 15391 -47511 -62273 2191 32805 21207 -26455 45563 18098 75444 -27570 15090 6295 -1788 -66456 -5489 -46779 -10050 55147 22573 39654 14056 55512 12292 -41881 -46247 -6980 -2661 1965 -7492 -71226 6207 15009 5867 36964 12736 77177 -11207 46549 21615 -58569 16080 -12436 -51145 -37388 41553 24172 -21217 17023 2710 -80290 -32952 -5879 
45993 -12479 2591 -38250 6342 37021 -24811 18381 -3870 -54153 20793 6916 18731 17176 -16376 12681 -4828 -14817 62898 9417 -14563 -39222 -26110 -23523 -36922 -38433 -61842 29946 15139 30399 78888 8587 27594 34940 28399 6025 5826 42412 -7492 27527 41652 9378 -76338 7186 -58625 23128 13667 41866 8598 67662 -565 -2741 -41543 4269 57600 29923 15352 87916 81871 -22634 -4581 76070 -67443 21926 16907 -53888 42540 -12956 -6450 64441 11988 -10612 78636 -28083 -59611 12253 -30016 30381 3375 -7968 13813 -24387 22514 -43203 5973 -51230 12430 86080 -15175 29589 18492 -13792 -40170 38570 33766 7123 -52624 49164 3527 63911 
41676 5006 14910 -37635 -40335 -16563 -1989 -21795 -11608 -25104 -49999 -53749 -49088 25076 -17619 -8046 59282 32796 9097 -7245 -43257 41700 -8794 20919 21287 -15253 34267 -32048 1570 -46714 -81215 -61068 -67699 48834 -40303 -25913 19179 -54756 25314 14064 41680 46263 22271 -31915 -20550 36625 2231 -14725 -15726 37005 -33066 -9481 32629 15784 -29472 -60070 40533 49710 44254 32315 -16538 8707 60092 10080 62043 17775 -242 -3724 26503 -3439 7998 23598 54456 53252 -31855 -28487 25201 -3132 849 16379 -18007 20696 9519 -18625 48873 15187 33951 15526 25853 -10349 29252 31644 -65108 -23081 -36642 18173 -38109 -20351 1021 57271 
17138 -13613 33548 24280 -33603 13285 -2934 9672 -44412 -21373 -34971 -7691 -60498 29711 -22080 -47223 65696 -7479 41117 -11623 9920 6920 -7829 50955 -5015 -36323 29384 -534 -25770 -19661 10589 -147 11526 8562 14586 37391 -17465 -21555 14264 -30388 26311 -41071 5685 8923 111609 -578 20113 -11147 -7809 -37125 20348 3931 -25274 -43445 12588 -13943 42301 27080 48921 -5753 12688 32245 41332 -26862 3652 83042 -14719 48586 -1870 2376 55224 3995 -13335 22187 -3044 -7688 -29253 -49685 -46270 -5154 -34297 2153 32988 46848 9225 3501 89763 -35477 36461 4126 -3572 -8383 27844 -652 5441 39847 60041 -28364 29300 31821 
27340 7685 -38440 60825 -36111 -63299 -4311 79874 6354 29558 -4401 6492 -17395 -26419 -32055 -16329 -16559 -35923 6783 -28635 -41322 38721 -11648 -1311 -20225 -11018 -31817 -13482 -18643 25884 4156 -59633 -14966 25721 -956 30016 31209 4957 -3332 -27362 -10096 -9830 -51244 35667 15065 41950 -35499 -29182 2978 -2171 27562 -24262 -11810 -4608 21900 -38036 118 -23907 29697 -6818 18549 34477 32553 -60102 52309 32820 -17035 18430 -55984 -36231 -31324 15524 -20173 13867 -18120 -39472 23323 -29691 -88211 43850 42568 20596 7221 -19310 -17603 33565 -9797 -32316 19572 33872 4047 -19533 39609 -56412 -56368 35786 -84791 -17473 35958 8242 
-8809 -36676 -14497 9611 9448 -20145 70581 76077 -4216 -21876 22624 21754 -21495 -5923 11182 1114 -66424 5530 11258 111 32245 2896 -47866 156 12408 36235 -16221 -15699 34474 53997 -34761 41720 84629 21840 -23198 14722 3128 9131 78694 34816 -15768 -53848 -40149 -14520 17858 48596 -20643 39045 22742 -11310 -14244 9480 -19275 28080 23400 16086 46268 -40572 -58948 -16473 -24030 5185 -2312 -33328 -31545 29220 -15929 -1350 27631 2128 81277 -100742 19351 -51236 1751 -18470 -8978 -7342 -70876 -21486 -23006 8273 -4068 15035 -65212 41239 -14093 -50567 -34253 10025 6583 3819 41330 -56007 45620 -16896 30398 -24194 -30886 22433 
-24696 3230 58892 -30477 -4348 33766 16810 -5521 39484 -12191 -15137 -44389 -16526 13569 35343 -16560 -25724 -50103 17460 50842 -11154 -24526 -16908 -19154 15517 -16099 -16063 -22351 8762 -17273 71462 61192 -926 -67876 45804 -14186 47421 -14813 -46364 27701 -29882 -13825 59148 -33711 -6564 -177 5946 15176 2378 -1706 -3546 31458 32528 11455 40076 -32868 13486 26172 15633 16071 32523 7551 1847 -20691 53814 4782 -404 -5359 -11772 -14729 11620 30879 18658 -36654 -36569 -18318 -17461 11409 9285 7158 4560 -10292 -15280 13995 -954 -29043 60203 -34254 38019 -20811 20045 56542 14332 1106 -2121 -23981 46721 12314 21883 16209 
-49372 -16574 -3138 -35354 27435 43824 -74674 -37985 -25361 -16806 -31521 24367 33419 19072 -535 -25717 22340 13892 7709 30512 25423 -8854 65780 -34985 -16853 6794 64046 527 -10534 -19160 3956 53917 -22793 2736 -33683 699 -15164 36301 11426 10308 -27715 5970 25774 -27754 -25547 37486 -16341 -9697 6869 12074 2230 2447 22929 -6111 18201 -14762 59006 31069 -8366 64000 -22348 -11743 25412 -504 34966 889 76494 36748 -58757 -45855 -46468 27638 -10422 28467 4361 20614 -23959 -8070 34384 4411 -68902 21043 -5419 42053 20483 -4401 11477 -9200 -10391 -56530 -8996 56862 15186 -18285 52471 -50330 32451 -13191 -17257 -2898 
76929 29454 -49324 39171 -31165 -18924 -30406 19738 -44753 -22924 24182 5593 -34774 -6073 47088 -35617 -40391 -11890 -8753 3084 -11034 17799 -1814 -39120 39814 -35351 -51889 -17048 -10721 52649 -17803 -30739 -39306 -634 -40282 21923 -22519 4440 -1229 -39503 19085 7011 41792 15666 -342 18214 21692 33973 2034 -7940 1216 49847 -33860 -4441 -37268 -28863 -37162 9341 14327 -16174 40351 61766 13463 78619 -20652 45838 66658 -18847 -52948 60232 11329 -71153 -542 23188 602 -38447 34976 -36256 -74660 5553 73382 53398 30803 38153 13909 22009 -31033 -9863 29966 16978 -28266 -105953 27417 17816 47460 29559 -29541 785 -7957 -8765 
48288 438 45035 57476 -42239 -33219 -45271 41671 28109 -5586 -8835 19342 61964 -12278 19134 -8695 7769 -1153 -23564 24808 57280 -19354 10433 -69224 -27491 -13546 -8521 -9292 20086 69478 24496 32495 9506 -33517 -37430 38022 42498 -8140 36929 -2895 -26153 -1762 17421 6196 -17298 -13449 6240 -5330 -37627 51856 -67601 -20409 -2419 13231 -12388 28678 14537 -16148 -24401 -36591 -11133 35870 8606 57919 33711 -43346 16421 -11669 1408 30331 20213 1348 -22500 -11653 15390 21303 58860 35440 18126 -16931 -6938 -61798 -14840 -11527 14493 -20470 -32935 -3211 -2299 -42708 -4579 -29942 4617 14277 15070 5881 -53030 24368 -9207 -55660 
31602 46901 976 34179 -22409 -33294 -36914 21726 -16593 4335 16930 26716 -31462 23279 -34009 76453 -2662 56027 6748 -30229 -6112 3375 -30111 -57496 70288 -7029 -48297 -43412 -8137 34999 19674 26100 -17710 -51015 5292 -29356 -23494 29175 57165 42172 27129 11446 35224 -9538 -21927 -42218 -4996 -21623 65175 4885 43826 70229 15325 18330 -46784 101579 -46787 11592 14684 -371 -9597 -18034 3502 50823 -74200 42013 -19997 34592 17719 9811 36744 -39786 39559 37739 12477 -5920 34237 26163 1554 34647 -27541 26664 -28183 -49786 38597 -18114 9606 32332 -42655 -13981 -6308 -20569 -4983 -42785 -29228 28007 16732 5216 49257 -63251 
-9670 -37777 41222 28540 -13756 4834 25655 22246 61946 34115 24299 -34234 56819 21065 21683 -16462 -21379 -13342 20156 74008 -53102 8362 -18447 22248 -50745 -63025 15393 8795 28281 -2172 43257 -14134 12737 1420 -67538 42052 17831 -13309 -40096 -81249 11520 -5666 -2381 -989 13448 40170 4435 -45911 16569 -54380 -17454 59157 -27878 -46941 -28134 -37257 -1105 16883 -26831 -6935 19535 23187 -3950 -17889 41821 -48348 19139 -51259 -3586 -11043 -30106 -13181 -20101 -14189 -9234 21137 43306 -35277 94510 14311 20930 -54661 44623 13256 32056 36643 -63371 -9612 -13073 -5835 -21516 -16151 6929 12483 -1144 -9774 -25540 72766 -12320 36591 
8195 -19311 -24656 -29859 -37802 24649 42509 -43621 -42488 9408 1982 -58934 -3138 -1741 -58785 2570 8990 19085 5441 6260 -40654 16159 -42888 -2783 13252 29614 -31121 -11013 -17057 12879 30946 20136 19577 10339 41449 -15100 -31578 22465 10582 41534 56676 7009 -29432 26895 7882 6836 23695 4731 7086 2248 47782 -13610 15762 -9913 -1694 -53001 -41921 31537 20448 29677 -34867 27507 -4529 12710 20424 -50485 8979 17644 -37497 34049 4580 -34494 12623 -14966 -30509 -30428 -15184 49987 4752 -3094 7100 -11751 79742 -9101 23778 44587 -27707 -15670 -125452 39737 44505 -38372 -27946 4990 3355 2528 -72701 -9909 -26969 25231 
-20470 -15995 31197 17811 -22989 -22646 -61122 36255 59510 -12831 -13451 1810 1287 -32726 19531 7576 20332 -22335 38987 -54356 4730 -8296 1396 57491 -32367 33022 32709 -15936 -56562 -55318 -3798 32481 -83838 3039 4878 20418 6111 -27239 -40492 16569 -48837 -42784 -25402 -31508 -12995 -41830 -22560 -15918 17238 27865 -45203 -36282 -14462 72204 -16423 76171 56274 8524 -31726 -46491 13356 39176 6059 -4769 17810 3790 -15734 49680 26324 -69052 7170 48857 -27507 -1836 13717 53334 16994 -65682 45902 -19138 52178 -18773 -26287 -32087 67620 33819 37313 56242 98583 -49900 30298 32038 15408 -27764 -6120 45653 5913 5477 25536 -29386 
-6505 48776 -31740 48144 54481 53817 15525 3592 -53607 -25068 -31562 39125 15783 25505 -76154 -1836 -6272 -39423 38852 13436 -15046 -7548 26626 -6543 -18901 -8381 35805 -28185 -4159 4700 966 7166 18870 -122 16032 4196 -76009 -81638 -9382 3171 43974 -9352 -32890 -34926 10965 29643 -274 17579 4220 -9512 14947 53348 -28725 6957 4450 -33996 -42113 5473 -27271 -56279 -13857 12637 53503 75895 -28390 -2709 -36937 -14423 217 -3968 -36100 19036 -29272 21082 -3995 1771 46166 33178 -42286 989 17379 -40145 22056 72956 16801 -15411 17917 33006 -44570 25013 -85027 5619 66256 -9524 -296 22852 -13822 2893 68126 12656 
33445 -32906 34388 -46407 -12845 49030 43374 -18654 19789 12034 -24225 -54281 -65418 -34515 17269 -19112 21670 61699 6368 -14877 26866 15537 15126 53095 48115 23929 1187 4742 22727 6707 -28698 43418 -5802 63513 -29241 -41619 10885 -33300 1750 48620 6575 75790 -48622 8216 -34588 1950 -11847 24677 3646 -27067 -33700 43865 -2703 -42439 -6183 -73546 -16698 47325 23761 -33844 32457 -3701 27954 28504 63355 -32152 -39113 -35230 20898 -27720 -5823 35414 52764 -5748 -48089 22243 -16647 61223 16240 21715 -7203 9308 -2023 -10088 11926 -11300 -29203 12216 -28436 -61289 5269 13817 -13776 -17730 52122 -21797 -45379 1400 -27073 14846 
-71586 -22924 18174 5756 12875 966 15300 31729 -562 -23433 64283 41465 -9440 17115 -19381 9318 14327 -625 16167 20290 35350 -3189 -23151 21711 -7867 26198 -705 -19699 -31625 320 6485 24656 21325 7602 3225 -19246 4090 -33446 -9484 -27240 39472 -36689 -41655 2620 41221 -21251 -20179 -41077 -31982 14499 -47616 -51760 -28100 1982 -6156 56125 -24718 -24025 14035 -32534 37908 -3783 -12337 -11129 11514 6632 31467 -34387 12121 -9331 15425 -90019 -53803 18080 26897 -10396 21913 -8356 -24039 42077 58358 25075 -4979 36851 -75768 25332 -6581 43958 -1656 77747 40427 -32720 -38111 -33446 21264 -12786 16460 -28588 23944 10980 
-2509 32062 11680 26832 -14725 -35597 -61232 -55270 -52213 -349 -12915 33511 4213 -34404 6591 1755 13226 -9606 6771 -46196 -8301 -11584 18893 -97616 -3722 38457 -33860 -11204 534 38917 29628 -41205 -14309 -94275 4705 85042 28608 -22541 -1729 -19450 -32818 11655 -15667 5264 -28929 23368 -6265 13472 21146 -12586 53124 47585 7730 -14164 -4433 91001 -48962 32421 9862 33633 -8320 35832 -31780 -16023 -57647 -6594 27979 54589 -64643 29438 55630 -54641 -15189 17105 10869 -44821 67179 -26190 -14798 -21420 -19519 44394 5436 -6874 62540 -13722 20753 38732 -42549 25985 281 34864 -7012 -70357 15936 9754 4227 35865 38257 -23997 
36429 6407 40636 73996 -29318 34429 -58206 -19405 36250 26298 17890 -15566 26806 -2474 35811 15226 -12105 -21015 -9683 -45679 -4148 -36487 24704 78613 7957 -3289 -9987 6571 -30281 -3568 -6886 10771 -51693 34467 22158 46593 25074 -20480 -49209 5853 2043 74053 59920 13459 -44504 -36175 -25019 -20338 2710 -12899 -18585 26486 3405 20749 -20743 -13966 13109 27984 58900 -25101 29705 40667 11351 -19624 19146 16265 18023 -20261 -37158 -4031 4614 21160 -49138 29876 40531 6619 28850 -66778 20931 -37822 -10154 32692 -9585 -4096 65408 -41997 6259 28315 67876 -56330 -3292 14269 -45266 -5861 3133 51042 -10429 12526 26904 -7453 
33133 55507 -38872 3933 -62862 25053 18793 13286 10316 -14196 31074 -75533 11357 6165 -49371 -5733 41774 -33622 9419 8438 -7520 7887 57847 -20938 -9895 197 -34604 -76803 6160 32342 -23949 -24259 -16450 42635 -65741 5704 -75364 23099 9117 30685 34327 27365 18350 8203 -28207 -15326 -8606 22701 -4563 -19566 -22864 -25688 -40845 -3914 -42907 -12934 -34476 20675 14405 8659 9563 9075 -55121 9191 -43630 -45666 -16237 -55294 -7571 21163 -31433 -42491 26238 -10001 22569 7174 -5541 -50783 -48844 6217 5842 -11382 74188 -28340 -51722 -36768 -53604 -11372 -72366 -8951 6415 -63058 482 -29534 -15735 -16190 33788 43863 -84837 -27342 
-22961 36321 -59764 -2385 -11130 -32546 26728 -6135 2608 530 -10120 5554 -55852 40828 -55195 -18861 89112 -42531 -1540 6483 -11099 31301 4543 -11658 4477 -4628 7890 -16147 24860 -11157 -7625 -32675 -66867 12556 28038 -32109 55182 28791 -3460 29984 46243 29155 -9849 -68351 57953 -4998 -41385 12742 38428 12209 5538 -285 29896 11904 -41634 7294 15841 -13948 -22781 -1648 -32713 -36500 -3139 53525 -38240 -21663 -15005 10353 9253 29870 -14172 12579 -30207 63926 29407 16389 -46053 -59264 5876 91079 -11303 -20293 53763 -28501 65885 4487 -37622 -28670 20232 21815 -19469 -55162 56705 4651 -86211 43584 -59850 -13121 8660 -29814 
19376 -12307 3214 -18315 -6585 5259 40809 -13496 -21449 1432 -49986 -7943 27477 -1343 69165 -75420 -33979 -22308 68042 -45795 3423 117252 42355 40437 18263 45198 -31205 8577 -7746 5831 3582 -506 -6023 -233 5225 -29016 -16808 -26241 43003 3564 -20532 -3385 -24158 -32973 41153 35708 -38849 -14592 -5751 -37395 31593 -14706 16288 15765 -75867 13549 11204 59990 -39103 1681 -5501 12855 -9658 -16272 -19122 32935 -12673 -4507 -89126 -27846 34730 62308 5627 -19809 24889 17760 -24434 -15852 -49976 -20174 -11388 -1670 1515 -33354 45972 15929 75490 7981 5159 -63733 24708 -16163 31673 30862 10985 26556 54549 2579 -3728 -5099 
-9594 -2758 27146 -58693 17174 -40172 60187 -28980 30411 45463 -57823 2134 -53627 -37687 -47910 -24570 -50371 -29717 7762 -3615 -16577 -25684 16411 3560 5888 6315 -4418 -26793 -8802 26570 18535 -26946 -58896 8563 27202 -40197 41228 -11483 43223 1157 -26181 -22272 -42305 -27476 -66523 -50281 -7054 9778 -43901 -18293 8807 15089 -61109 15141 8690 7926 40919 -2318 -15956 -22555 37402 20720 -29403 319 -21742 66739 -20701 -52523 -35403 -12696 58730 -49650 -27426 52630 -39326 -10610 -18820 -22046 -8354 679 45467 -198 65305 -24963 34360 14359 60282 -2731 20972 17647 -17006 8142 59808 -32970 15806 26909 -59898 -5037 11004 -9484 
-10901 45051 -77349 29709 -13525 -36210 -48410 -7686 -52691 -1677 23200 -32492 -24082 59327 -85453 42761 28901 2369 -20161 -25011 -37712 24857 -9594 -12442 52857 -12690 -19779 -20668 -5861 -30889 -19824 26026 -44985 5165 -17638 -14877 -29126 13568 38207 13622 23096 -32564 5036 11533 -38952 -16896 10288 -3145 12992 45826 29453 77817 7951 -11895 9008 27692 55330 -12526 -36748 -14316 354 15167 -11795 44258 -61798 14980 2168 29663 25254 24712 62881 -11245 -1132 -15080 47205 68628 3120 -69559 4739 -3288 13613 31627 -5943 -9175 -12290 29497 31833 -2402 -69777 8766 -2223 -2828 8439 -1737 -56220 38952 43251 16485 35094 2714 
14857 -38580 39178 14167 -17488 9204 -11170 40685 -18733 -16745 50444 65475 -43505 55558 18524 49430 38822 -45716 -32450 -22816 33741 23721 20239 14270 -36711 -6177 -33512 30802 11245 31159 -5700 -21192 28386 -37071 -3851 -4705 3006 24242 3809 -24108 11805 -18373 3025 42020 41884 60751 33198 -19211 42913 22911 -87965 -17022 12908 -37680 16475 -1830 6345 -25352 29609 -50261 -46157 -21436 11570 31680 9807 -27077 43897 6544 48630 80346 30778 14066 17696 -400 -18185 46461 8465 27397 24774 -16496 8677 -38418 1650 -9791 -22333 29468 30361 6128 -15960 31485 -37308 6578 -44126 -21718 -27919 7024 -27914 56958 43988 -47771 
10906 -802 57060 -19403 -40846 22488 -8280 36247 14628 7762 1866 30325 -45306 -40410 6588 -6298 24387 -61839 16781 -12312 -30302 -10174 12502 -32235 -13207 11923 15532 -55536 -41025 -13921 4015 -34235 47214 54308 -12581 -69421 15973 25478 9505 -43269 -51754 9457 23685 29240 -6610 -18900 18438 9450 -14962 -8581 -16309 23861 -22615 -22584 -10469 -4529 4991 2625 -32970 17829 -32790 -11481 35470 -31522 44939 -1213 35313 -10449 -3698 -35809 -24635 9991 28748 49959 -64221 -4271 38737 40679 12747 65086 7286 -35380 26356 18846 -28926 -30024 -55416 29374 50980 15566 -32122 -59028 -50123 10626 27537 -12423 -37534 29835 14452 3842 
-11799 -104259 71392 34304 76393 23142 -10092 -64252 12570 -7752 62671 28307 20029 -55684 24153 -36813 -35524 -11209 4336 12336 42618 23257 6630 -22505 -30391 74687 -50559 -25515 3567 8699 -11033 -6483 39969 -344 5196 -14420 -29838 111 -40815 16422 -25775 -55873 -65910 29979 45509 -1056 39633 1914 -10778 -20622 77051 10221 -8066 -26603 77728 43279 -30157 21855 -43133 -29363 -37934 40909 -49574 -87975 20948 13232 22360 17528 -70775 -40234 33307 -18814 -33515 -42757 -8461 -68472 28001 -27125 -11902 33858 46868 -29400 54416 -18824 -2973 -6059 8522 48323 -29324 644 51248 16912 10840 -31515 36326 45742 65397 63139 28086 -48760 
-18362 -33639 -7469 -11795 38208 37121 4469 87366 13499 -7667 -30143 12141 -16391 91316 24426 11478 -43542 -43921 20562 27221 -34974 -20714 -42855 13411 2585 7887 25446 -44235 -78847 -28639 30020 -23245 25211 -39393 37727 14561 -27048 -14685 6064 -17804 41419 41260 -24915 -29705 22621 89752 47248 -31220 7440 -1412 13253 -11606 4930 12132 42100 39569 -26119 -32032 61656 -15250 42922 11450 -30899 23857 -18195 17437 51357 39344 25256 -13780 19712 37731 30608 2695 -75351 -31150 33813 38911 -34 -4913 24206 -18848 2914 53444 -56774 -2112 22774 35275 11239 28957 -31889 39154 40074 -8132 29383 47735 -28369 -19661 36073 50029 
-16233 -20169 -40251 -29403 29878 44881 -54846 21682 -14190 29449 30858 -16381 -54622 -21680 -32716 41130 -23252 74784 30543 -7043 -5879 21279 2081 -1524 14670 5462 30546 14673 1120 -51350 -31312 53134 -59044 35850 -65905 6853 -42610 -8254 42117 -18170 -1589 22741 38605 28371 -47927 1926 37037 -30527 -26491 -4638 5408 61687 1406 19199 35533 -39115 71682 1545 -11405 45087 33111 -29933 799 -28596 44781 -43135 8935 30155 79697 -6582 -31886 17214 26506 -22931 -20162 -47304 -21633 12700 34284 -7939 20455 4945 -8919 -26249 -23466 -19201 -11478 -21089 -6050 15647 -62233 5069 9482 15894 1775 31644 -20091 -12957 9118 43112 
1996 -4595 -6427 12602 -50934 2071 50308 -71937 40128 42217 11533 -35551 40548 44845 -49223 -105819 -9927 -41658 24550 20774 -96746 27804 37413 18071 20372 -27866 -1124 -13076 -51831 -13639 -12823 -25342 -55753 304 2407 -21838 -32802 10222 -23209 1831 16887 -16250 9633 -8328 -21370 -25441 -11532 1158 -29388 -5144 17840 55912 -10217 -32218 -37161 64630 -39759 -5930 -15885 -18363 54112 -7560 4279 48642 -40209 23173 -13378 -58485 33 -33625 -20325 27587 -53381 12481 -16641 -7908 18384 -22496 45619 60120 -186 14289 -5335 52486 47343 4711 74210 -5096 -45732 -44233 -25551 2302 42437 13771 6804 1184 35325 13575 18253 -4636 
-606 2865 -1027 -4676 -19777 16378 15853 16213 42283 11946 10021 3341 45290 -28234 -4305 -19435 -5337 -3960 -15321 77789 -52807 13888 18859 5698 -9790 -22894 6324 -52341 56962 20503 33765 3625 46251 -28563 -42503 66921 37998 -11650 -51715 -49012 -5069 -28544 -51628 -33945 16631 8214 16190 -21486 13797 3404 2729 26716 -16376 -9423 -14965 46264 -88341 18902 -9830 -5897 -14948 19094 63334 49355 57451 28616 -32097 -40101 27609 17959 -4751 8837 23848 -664 -28388 -49312 60812 297 -23107 31037 55434 9859 28859 -5732 11896 18172 -56522 11709 24117 14933 -44230 -44944 -1376 -51172 26574 44185 -50253 10390 54414 -5630 
-774 63176 -23352 1081 -30206 -20579 -31653 -39398 -8213 5065 -31454 64142 23974 -14792 -46612 -33070 -36956 11073 -1824 -40459 13749 21360 23746 -18978 3323 22137 -46758 13904 12134 27443 17729 32051 44030 20520 87 35172 6415 36543 19376 2080 -7869 -36456 -7870 -14781 -22145 -55033 19359 10304 32901 57393 2104 86082 18922 21907 -39870 18535 -10441 6917 -83892 -6574 -41335 85967 -4132 2103 22462 9202 -22807 -206 -2602 -10020 15497 9667 -43430 -26118 -13380 -5087 28305 -32998 13399 -41334 20289 56868 -22920 17512 -1693 -31052 -17590 -44842 23060 655 -61421 4637 16228 69407 -12001 1460 -45617 2347 37500 -30333 
36234 -42688 -23911 -29565 2905 -19241 -52440 -64724 -12109 -49889 -55455 27316 2046 -4258 -9610 -10970 -12444 29561 -51892 -33564 -17399 15797 -22487 19807 13621 10604 32511 96999 -30813 11189 -19707 25245 39221 19280 27197 -8744 -11100 25357 -24341 52680 -12242 31863 -60059 41746 -4596 -10988 22159 -31133 -593 -2367 47424 4350 35580 -11492 35602 5275 31803 57600 18557 46139 -28391 -8913 35162 -54790 -19572 47273 6951 84460 -42452 27456 -5714 52603 1061 5582 46072 26357 -59952 -27181 -24547 -36854 -16286 25604 15860 15596 1866 -23077 -13586 -15378 -12412 -27382 5610 45355 6475 27124 -17283 -22219 -5271 5623 18915 26637 
3077 -16699 37999 23182 18741 -15745 35438 811 -23784 14049 24394 -4011 -30422 -24076 15427 34330 57682 -21469 9979 -2808 41999 81806 -16381 -26814 -6252 6451 -16850 56164 51996 -7614 -42601 10020 12774 -15170 32033 -84218 -19739 58387 18480 -8439 -5102 -26521 -13054 37925 44682 -13245 48211 35109 4006 32017 -29850 18002 6738 3122 -13597 -7551 7753 -47324 6263 -11360 -11742 21310 -4512 -26256 15558 -6358 -30183 8023 47673 47439 28423 -16097 -42899 -13478 25686 -16855 -12632 -1958 10161 -5768 -22741 -15922 19805 12186 -6875 3489 -8040 6640 -38061 25234 17565 -15397 -10233 -16774 -10561 -365 44026 40124 -20081 -25032 
10416 -20255 -51677 20052 -616 25879 33204 -5731 -5178 8850 -6764 24542 76211 -29313 -23815 -22581 -58218 -11168 -60332 18372 -500 26733 -24054 -7425 -42793 -72758 64017 14454 -50186 -27196 -20438 -22498 75450 51305 -28733 -163 -26342 58229 25666 -33802 27224 -69273 -27676 -32825 -29082 9338 -9660 11340 -28823 60912 -44720 -47656 -32773 29243 -20401 15712 -74255 40523 -26500 34669 -15906 22285 27591 -38663 23801 34852 32923 -40330 20564 -5518 -2806 -4938 52300 -51610 5317 20746 17813 -30365 -31009 47332 19513 -11428 30653 -21602 -47983 12209 -71718 -14534 -8943 22599 42889 11612 -28111 -75912 -20979 -15808 -248 14817 19247 34782 
34423 38431 -7383 7650 -42197 18366 52167 40770 -11053 -43488 11722 13053 79312 18249 13814 -2243 10978 49458 28139 7901 11154 -7657 -10883 -22453 -75755 -63662 -39306 -13963 -3233 -3360 23964 4766 48493 37715 -20105 -4173 29247 37192 19304 -627 11257 17872 -13277 -10419 -40950 -8171 -33410 -26 7305 3698 10546 -52650 -46415 13617 20568 -12330 15526 -51672 -18793 -41821 6433 15168 20277 27674 33673 -17913 -23580 -90035 7377 -35607 -7285 -3875 56205 -30890 45244 52215 -14536 19281 1097 6576 53060 3223 -91305 20421 -60050 -35479 -15498 -21889 -12286 7616 -14677 44764 38438 28040 30068 -34006 41216 15590 -46129 65434 
20019 24735 9342 33277 -24947 -28604 38656 42177 -36687 -59211 -18397 -29952 20986 11203 21361 -9261 30717 -34105 4265 -34445 -11356 -5161 -23593 2845 5916 -17408 66874 -67635 -4327 79496 -18693 44980 -41510 -39307 12403 8489 -2693 38290 23642 31280 -38847 532 10663 -22300 3300 -42651 10120 -34258 37641 19605 6395 -19219 -11188 9623 -76384 -59715 32858 23316 -11755 22674 31585 -42354 39781 72732 -36756 28489 -42872 4585 23285 36001 -31130 21077 -2856 64858 20538 18053 -7099 -26198 27292 -43190 -22710 -43066 40505 -11283 28306 -46924 -23578 17772 4352 -16159 -3849 -6684 18502 -16911 -34916 -17087 13768 -8778 13383 -17380 
69527 9064 -61074 -17481 36120 11038 14773 -1643 35986 -41494 -35046 -11114 -50954 43438 -4456 -13395 9333 8232 12900 -12160 -26836 -7921 -38042 59440 28369 3933 40496 -12430 41811 21483 11006 23794 -63891 -4286 22055 7190 18123 -53309 -21885 68259 -29647 64111 -54579 -64085 -26029 45601 16166 -10939 -12337 5421 6768 -57362 -8308 33826 34613 -26539 -18739 16713 12050 -51587 33304 -78262 -34753 69849 -44039 -6579 -68823 27311 5543 -6469 -33105 70260 12873 1921 16422 30601 -23342 -17719 23342 12747 -27970 -100858 -9577 -9105 7334 -13227 56990 58546 20490 -40656 -6189 58901 34610 21958 -37062 11943 -27511 -3474 19898 -2883 
-42246 17066 3686 66146 32839 -6150 10803 24218 12134 28036 30565 68110 -12612 -11935 66840 -10501 -30376 7810 3066 -36438 -5074 -22947 -7521 31441 8041 30801 -1760 4982 51400 -33411 -9640 -40371 1562 33112 -28985 22413 3130 31429 -28680 -47497 -2825 2920 -1570 12581 915 42648 -35046 -26702 13829 -67105 8438 -24287 34579 16338 21374 -47117 40976 -38314 36290 18491 -44087 -26697 32697 -48347 -9555 -67172 -35896 30259 -44687 7962 -33268 32956 -9957 -10094 58879 -55543 -42775 -23987 -54732 -3368 20159 -34386 39946 -43693 -8940 16389 65427 19761 -20413 42866 -1696 -2159 18675 -11805 54843 43821 -27194 49247 36790 73099 
-35551 18353 -10040 -28208 -31966 -36259 18994 7591 33790 -25140 6080 -22729 42940 -23603 40790 -24047 -15027 -6259 5780 -10357 -31603 42616 -20116 -8888 22254 23054 42708 -28508 -5799 -48266 -38288 -24696 -48735 73736 4307 -42327 41587 -18776 -20196 34569 -26885 -57076 -11844 -38984 31949 34733 -62826 -33158 60939 22527 6787 1149 37556 72955 -46033 25546 -48877 -45856 -31325 -8759 -104423 -14816 10516 -30241 -7937 -9146 -3540 -1416 -16751 -19683 19294 12875 10029 -3409 -30558 -17934 16413 12505 32879 49432 -28779 61966 -18521 -82027 42767 19907 -25188 45126 2709 28107 62724 33758 10717 -41832 -21131 44234 521 52971 7121 -20129 
15045 -16721 -7161 -2558 55772 -1623 3398 -9530 35189 -12959 -10331 25540 5568 10390 -3039 20080 -25689 -1891 14887 11570 -29156 14521 30206 -8262 24252 25386 -31524 -8955 -37379 -3728 -43279 48896 2284 -13160 20447 -44163 -30801 55164 9703 10606 18948 20061 -36792 -14671 -36898 -64499 1561 -41197 26520 84320 14554 46119 73797 6676 -27261 68219 -42557 -39277 -45577 -14691 -6225 29645 34895 35158 -57725 20092 51699 9559 41256 5199 14289 -6582 -35108 -32213 19380 -33648 13514 -26285 -16196 -1265 -18422 8621 52977 -63462 -38352 32049 -9811 -13021 -65910 29637 33724 -18823 -41215 -6952 39418 -9373 56982 12241 -5441 -43183 
23564 -17776 -45525 -40142 15415 8973 -19303 -10422 -61469 -26554 33237 43881 14408 3349 -54059 37019 10347 27431 20214 -19372 16172 41835 55435 2754 19055 -27317 10268 11020 -22727 -27799 -7170 -1172 21992 37997 26270 -16220 25 6482 60610 -8073 16239 6293 -72617 -14650 -2969 -12587 -48667 3810 45444 39908 20543 2172 25254 8740 29330 32535 -7725 -17045 60664 -22746 -24357 -14896 98552 9607 95630 11505 60912 -13222 -48577 -20355 11871 25003 -29778 -14390 5408 22333 28859 10189 -17863 -2321 -13732 47678 7114 -27622 -38245 10741 38 -37004 -43558 47034 33219 34102 -25455 -22681 40064 54819 25292 -15629 3110 39479 
43293 6401 23395 -18435 3325 -58010 -4834 20123 -27801 -59653 -27065 17002 -19907 5017 40436 -16702 24816 35924 72721 -9344 -21007 -11942 -41384 -403 -2206 -19671 -21792 7218 -67714 28168 -3583 27263 55604 48973 -7549 -6548 -18860 16005 13175 6443 13057 42845 -39149 53350 -57885 23572 -16089 -6860 -1054 -56704 -41090 -14056 -29272 9454 55892 -34303 45382 59172 5861 -65285 8422 -56654 -20854 -4546 -28202 55436 16702 -20348 6449 -54102 338 28535 -13478 -17053 11222 35440 -61981 -8725 -25308 2028 19349 -51963 21926 7330 -52044 36069 42617 37819 -60624 -22274 -8959 9698 19000 -454 72686 -43140 19747 1608 -12182 92917 
-69108 59975 67328 67965 -2305 9464 -50766 47885 57648 29950 32721 2832 67123 -35291 65367 -2035 15086 -2663 57374 -40876 28486 -38161 54474 12277 -57226 13239 -52153 -30919 16582 -16221 24472 -20840 -5551 46613 -61193 86552 33722 -53739 -16304 3569 57244 39947 37971 28568 62160 -3207 -90343 -7425 39061 -37992 61481 -3927 -34301 58528 6008 52590 50733 -49509 -9737 -31588 -21461 30205 -47219 -26532 -53891 -35373 -18422 -99763 26284 22384 25311 -3429 -8579 19836 29449 -16349 37705 -4071 19664 23977 -46856 34255 5357 -21137 3454 -25942 9786 27796 5248 -21497 91472 -31946 26829 15935 50107 26251 32863 22345 24677 53459 
-34940 37225 -45726 45987 -13678 1901 -1420 45144 -56450 38347 35014 70216 2889 -12509 -122065 -16364 53164 -16271 67428 -30205 21146 -16204 52399 10248 -5554 -10772 -26682 -50196 -74030 35086 10124 44126 -32566 1059 2310 29717 -17098 -11647 6922 -8241 98198 5320 8939 -10600 -3999 -44040 -46264 53750 32280 30871 20409 20638 -32389 4137 -1311 16729 10910 10733 18591 -12593 17377 77508 25881 16117 -22639 -14183 -6522 -19296 14367 23158 -31093 -34920 6703 57177 -2262 -12780 6685 -15266 -48621 -4397 -31100 -16137 36479 -18951 -59726 -55161 -59516 -9143 -3504 -5161 -12281 -36992 32888 -9734 21511 -14833 23795 -19520 -802 -16805 
-2196 -40367 16170 -10174 26763 31935 33825 38226 -26132 16667 12970 27234 -5802 20811 -39507 -16143 -43362 -6205 18039 31100 64732 -49064 25936 10819 -43879 49825 -52697 -63558 20449 32053 -11933 -208 42806 -5535 30985 -28375 26518 -4595 31254 -35070 34070 -40484 12867 -6726 12906 -12071 12171 4171 -44239 31866 29732 -4098 32 49795 61433 21445 84790 -1813 -8056 -41012 -24717 16857 -54519 -69207 23595 -11881 23920 2238 2269 -34598 20555 -45306 -28453 -1292 11720 -56563 -37053 5509 -32688 62740 -47075 -19029 39945 -11140 -64188 -12520 -19843 16063 10775 7266 43548 -4883 -15563 -1361 28584 2221 43515 83522 5440 1079 
-3119 -48634 -42954 -23371 -90390 11123 -2989 17591 103874 10819 412 41745 32344 23579 45949 -10655 21354 -22140 52041 5459 -58643 42561 12431 -13206 -48472 30154 -23713 -14638 55003 -53814 31383 48952 14283 11799 -67182 -20793 63393 -4831 15281 25303 -72259 -24001 -19758 -38205 5866 35727 33851 -7338 62705 34926 -77567 -41801 -4171 41958 -46295 21328 19150 -32984 23024 -12549 47548 56442 27392 19270 33183 -31642 -44569 -44387 38542 -35240 14290 -26571 63073 7713 13042 -15100 35918 -5298 562 24339 91906 12186 -48220 -28135 10657 10643 -33214 3165 50533 3903 -41613 29360 -27260 65598 31172 57333 -58170 14626 74921 56790 
34996 -4760 -18235 -43022 -14400 -11508 -43861 31054 39024 -82073 -37673 56463 -4522 15978 -70997 -14845 -21507 39546 286 13692 1562 506 18489 23379 -18094 -26640 26401 -25867 -51566 -22727 15787 29541 30671 6200 -2586 1884 20314 -8856 9377 9540 1528 -11955 -8102 -8085 -41751 -2859 16582 -13527 19741 76869 -303 22346 -8677 55524 -6797 75255 19727 39720 -47734 -52656 -17613 -2574 90688 44020 -9013 -6289 14686 -11362 25519 -5611 -12598 29299 -31871 -12450 -34192 -12815 90239 -20725 -29634 -9857 7752 24218 -13344 32590 -36537 -9107 -16364 -20325 -37249 -28659 -14899 52716 -19357 45747 37267 -20954 5070 -3391 -18758 45003 
-16216 -23669 2910 -25736 -51919 12713 3883 8433 -21084 25841 74043 29250 2821 -10942 -11904 -42929 4011 45202 -61254 40576 34831 -20175 -95291 25135 39284 -13966 31987 12848 48520 65886 -36753 6928 -13666 545 41792 -6910 -22024 -41601 -34815 -42949 33070 32506 2361 18605 43552 -23542 37100 -46093 -25938 5917 17527 -46945 -58127 -28347 30792 -39300 5001 30224 22322 -2630 -3719 2552 -25522 14005 14616 30326 -14366 3664 30177 1715 -8843 -10859 -20945 3934 23382 -61582 -81191 34523 43278 67728 18942 -19009 44391 2161 2519 62586 -29812 -18158 8554 18208 -59439 16874 6719 26187 13034 -28139 -8145 2741 24716 -14163 
-61856 71773 33721 64028 -19843 -903 4247 1527 11954 50993 14280 -18758 65967 -35295 -16061 -24221 -23235 -15485 46183 -56054 -54371 -71522 -4397 25245 8003 63884 45370 -25866 -49471 6863 43989 -11501 -50750 -3616 -18602 27659 -15175 -5836 870 -3602 -24919 -42571 38050 -22899 -10322 -48004 -36252 2416 -23165 -29866 7674 -39970 34382 51347 -42111 -44326 17687 -27942 19345 8417 73097 1793 -40680 -17664 51953 -30773 -42626 -37005 5924 -22862 -37442 -14893 -55772 69518 -33254 32043 -4145 13401 1694 -14477 15843 -7394 -51629 -51807 32218 -6268 41887 29839 31332 30959 2036 64857 -787 -41822 -42939 27093 -18167 67773 -2855 -19918 
-1002 -58630 43115 -8718 21461 18041 -41068 15811 26319 -2211 42637 50709 9697 23950 -20081 -12538 7062 -19764 -29978 -17995 5117 -12111 7445 43065 53334 17593 -4058 20811 -18150 75496 14821 70985 19389 -9291 11725 27292 -36018 -2509 8498 -8497 -16623 -3516 -58545 18384 -31068 -16352 -12815 -32821 -4742 15124 56919 25083 -3881 -1685 -38040 6495 -5874 33201 26640 -34820 -4746 17804 30957 12445 26697 -2886 7630 5651 7087 54751 2329 11140 -42032 -5235 4868 3031 34406 -33214 -26674 -64847 17437 6074 -4411 -32711 -1344 -9138 41891 -9145 -101143 48679 -62719 17036 -7422 19723 30848 25194 -12468 5578 -2277 -49259 
73549 -19465 9832 -6940 16648 -6519 791 198 24524 5725 32076 -15972 -19965 10400 -20380 -14014 -19729 -58733 21567 -43263 -50448 -7955 15490 -12559 -17390 18132 -23367 6172 -47455 -12462 -22353 16827 -18545 56721 -73805 -7537 -41520 27288 13799 -8577 -19268 17615 -11336 86160 -15145 20184 13526 -2258 40743 -40418 4346 15899 -82643 -25074 6892 -13938 70258 -11032 -16652 -55918 -39087 -45745 15716 -40652 1062 -64830 32865 -20590 2471 5469 -31087 -16603 30570 -41825 -44844 17423 -25138 -48681 32432 -54105 -12895 -42957 60520 -10 4938 41322 9326 20952 -32667 5827 -9499 -14359 -4509 12979 -5543 19215 -36509 37381 -40028 -14002 
11855 50498 -9640 23221 18525 18608 -14236 21937 -73698 31508 57790 28569 -22119 -18921 -26569 67045 -32498 -17902 -26504 -4371 19547 2663 23166 -22846 -31154 -30470 -11852 39625 27613 -30376 -10811 -72203 43122 -18941 -71692 45045 -7349 48223 36307 -45854 -16384 -7814 36429 8007 -7217 -4805 10785 103776 -3107 68884 -58744 96937 -31003 -59555 -8844 23961 48481 -7751 18999 17864 -60883 5594 38588 -2088 -15060 -12856 5761 -13007 24263 94604 -12321 -44712 20707 37312 -929 20928 48422 -4822 -37076 29441 -45766 28166 38207 59008 -39616 -725 -44577 8517 -23716 25642 18442 -78399 -14194 -14196 18027 -10974 -28301 17462 41553 -2994 
-21559 -38965 13708 -35160 -52417 36098 3253 -1440 12981 -8304 -10024 -65346 7256 -23284 52133 38117 5746 15995 1725 -23003 21634 -9425 -77392 -17195 32637 47204 11916 29433 22968 52167 22145 4589 10836 -17558 47787 -30695 -27792 35991 57644 11421 -35740 45148 28846 92745 2120 31252 35434 -9300 3845 61721 -27973 -44011 -3271 11740 -8113 -56882 46512 -19580 -20130 75923 -33133 3196 -16526 -35745 -20948 -37481 -8231 27450 16132 44008 25441 7990 10146 -54383 18873 973 -93836 56966 24704 -56930 -74136 -4508 1519 -45557 16699 28928 -28765 2263 -67034 -19279 8932 37204 1182 20504 -21479 -53255 -28559 24599 -65888 7374 
-46958 -5794 31267 32715 51956 6658 3758 -9848 6168 -2722 32485 15672 -47438 -19457 -54214 15478 -637 57726 8415 12778 19155 -47527 -25647 11496 8034 32973 -40001 -11229 -10149 13901 -16765 9815 20994 -5651 42843 -32390 -18247 -19861 5435 47567 23754 -7003 27742 33836 -6445 -31762 -38479 29102 18525 -7025 26217 -21114 -11857 -38737 41496 -32274 -24564 29611 19255 5544 6256 -24171 -43748 -16405 -12175 -44575 -4184 7937 -42156 19668 8446 -46906 30663 1160 26510 -81064 -53742 11519 -24633 14402 13465 5131 -15148 -39343 4276 30439 -1913 -35042 -76034 -8040 23800 -38337 -51492 21616 -10100 -24188 -66495 -50163 -17942 21408 
-55438 -56460 20850 -11163 -6559 25762 -2153 -12373 38677 13755 -6577 -26807 28010 -25942 69975 47036 -20074 49861 9122 -1986 -44552 -817 -10628 18743 -5811 24010 -15405 -31327 -80863 30345 87011 39866 37601 -39345 27578 10517 -6117 46242 24849 -5906 -14442 23385 -72802 100522 10074 25700 -15314 -37905 25931 17097 -15827 -83573 31620 -94100 -24408 -21703 -36143 -3996 20292 6411 16566 -8366 -42635 4653 8164 -20943 35836 -12468 -17097 15865 67157 50131 13278 -79830 12387 50637 -66596 45061 -2225 -47208 47613 -14395 -34443 -12674 -86015 28405 44155 28523 -32137 -36430 8421 7883 -17247 39887 59685 -25738 -29470 -8031 -29906 26830 
42236 -21242 -111052 38152 224 14682 46850 -11805 51326 -30964 15311 -22152 46789 2079 -9011 36059 -50182 3108 8931 7195 37984 17592 50808 38809 -49255 -43259 -66746 66332 57967 -16054 -2327 -25500 39509 38222 -9367 19657 -96903 31924 -32606 -19821 -25939 -12622 6209 -8946 32415 -68482 -8791 -30818 9379 14759 -677 -17985 1103 18399 -28891 46388 -961 -21627 -2999 16536 60688 -8627 -17791 45039 6773 86001 -34127 -26484 2940 361 -18922 -16753 -11016 1838 25125 27522 50808 -5390 -49437 30661 -6792 31585 -19113 -32323 -10357 15216 -79480 -35179 -9447 -464 55612 -56367 -44871 -34740 -14402 -26186 42638 -27885 48395 13938 
-24158 24612 4683 10161 12633 -52885 -24289 -40446 -51999 -79570 -23674 15449 -20592 23053 -1020 -33172 15382 -15595 22082 -11159 -82569 42885 33446 -54510 -26076 -10726 15918 -23710 -19646 6465 16071 12172 2404 -28541 -780 52820 40972 -7244 21941 23400 -5584 -37828 -34101 -52787 36124 41833 -85350 -49614 45073 -45282 39169 -6531 39386 -25814 -402 -9070 -26757 33090 -12920 -30131 34716 -12366 17462 66356 -48109 24567 -17828 -25905 -72746 29558 27033 28110 1352 74984 3128 11807 -645 -25347 -17575 -28610 36944 -10739 6586 32842 34524 -22382 8582 28536 17759 324 4752 2575 5997 -43459 -30074 -42762 43608 -12433 -169 -13417 
51973 -59404 43555 -1777 -23490 30406 -45526 44359 13649 -54621 -22636 -40278 -17977 -14162 64881 6520 26530 9160 27078 -39117 68754 -20960 -1372 1969 -2300 24848 -43973 12174 -3522 -26452 -28833 -19023 25722 34375 32495 23706 75370 -73911 -2553 15628 -16433 59402 9316 45310 26871 -38305 -16051 23365 -68204 5141 -26760 -61157 6157 42606 13209 -25930 59627 -103 53581 4326 65473 41839 -5847 -66882 61207 8736 46493 11871 -24262 -50853 -8031 806 -10516 -5983 495 -31229 42203 29771 -66973 -16887 11861 50073 -59616 57631 1291 -34863 4095 -63326 71712 -19458 71325 5508 -4230 46722 26669 -15063 24147 -13502 -29202 98152 
-1656 35758 -13369 66926 -12906 -21374 53118 68763 63640 22146 2948 13115 33806 -53133 -18029 -2878 -10041 21576 13130 -25903 25449 -64836 -65430 -8718 -70187 -20294 -5580 -49292 -14803 -9661 -30485 -24457 32170 14867 -18352 17793 770 -1796 38750 -23327 -618 -46806 -8582 29509 -35360 3714 -22015 5263 -32432 13764 3167 -35278 -57750 56258 9886 -9717 10933 -11086 -4023 -6570 -23053 69518 50417 -86647 54017 -45027 4280 -30131 -789 -5044 5688 -36517 6307 -27338 -46694 -35923 41917 -15582 -23230 -7940 9647 -24500 -82349 380 -42184 -4427 -25263 -46767 36970 -32281 -16488 37286 19975 -15055 21849 30225 -38305 22012 -4458 55782 
-21040 -27800 -28859 3167 -28403 33941 34662 10582 14247 -2942 32733 -30074 4993 50418 14242 -11287 27716 -29232 -61756 61551 -353 14013 -8094 -40147 -15311 45173 63843 -16237 16618 -51390 60563 40084 -8212 -10959 -1521 -16468 -14447 35830 -7793 13246 8903 32047 37705 -44082 21005 14421 17043 -52515 -51034 12168 -25198 -68525 -2634 33052 -9430 -30561 17592 38007 -6552 27478 21196 2816 -50837 -25994 -1660 -76264 -38248 39298 8900 26616 -5358 22139 33864 23870 -12240 6238 43158 5382 -52537 35364 -16698 56231 17445 -23496 11044 -3023 24474 6176 -4697 59138 4641 -47286 -30098 -94891 -95703 -56477 2605 -18080 -10109 -4503 
60244 15818 1460 -10910 -2114 17573 11486 -23453 -30530 -24122 -39212 6905 46684 10192 -34609 -2646 -2129 11961 -40258 505 -17401 17636 27556 -24504 -47026 -44266 -3479 -34018 -35498 13449 3753 11586 38763 44040 -39129 -26712 -30692 27316 63536 29478 3108 3559 316 -20759 -45282 39850 25675 -18257 5834 -48315 -34098 -28353 9189 -34049 -33403 -51977 9598 4881 36981 19799 -34851 -27651 70973 19951 32672 460 19424 2852 -18034 10261 -28540 27735 97951 -21624 -3786 51073 28495 -46950 -39929 -7668 -13120 -8671 -28209 26270 -19267 -24076 -17206 -67254 -41105 45 -5317 -11989 -3018 -6763 6745 -2885 -9637 -1335 -33220 -22359 
17082 9591 -48418 5438 35331 -40543 -998 -23623 -42382 -53896 18963 9516 -33120 7581 -84894 -17018 6470 -13922 -34118 -14808 27875 -10986 -19294 -7473 -7077 -10560 -33464 43221 18727 -5959 -2917 26662 -3641 33014 -25791 24640 18123 -20480 -10515 -30384 15393 -83187 -4433 -3129 10079 8072 -33211 -34938 2025 -16690 39849 4527 -21846 19081 64986 3851 -27074 -18302 -30245 -52443 -3049 -11399 -56267 -4992 -4770 6743 14712 -4242 -4393 -4520 13679 -70921 26870 8136 -49836 -3683 -38246 35426 -28207 -17875 19822 36663 -41059 -9910 -30308 61362 -20377 13850 17660 26182 48031 -24663 -37849 -57792 -63798 5736 15437 -17566 -19492 -33485 
-33825 -51574 16664 -30512 39001 14495 -32466 -16277 -6660 -7165 19518 6868 -4380 42600 -9081 -35499 -40448 15811 -44185 -26062 -30870 -8255 30150 -16960 -4797 268 26549 -6623 -2007 45994 -5386 -55824 -3157 60041 267 -58866 53291 15810 29454 55146 6911 -11571 -41392 13237 -16254 11452 -24048 -21064 -16724 19028 50582 8430 29285 -36143 -16699 -14796 45306 11490 20315 -4129 -14322 -26117 -67290 51950 14008 31376 -1393 32270 -46497 36934 5844 18414 -39070 79229 -71933 -21253 -43587 2927 15629 13251 -2754 28306 -5467 -42982 26415 -26856 9822 97187 17897 -8734 10139 57309 -15092 49448 -65166 48 -86033 2765 -21802 12381 
8940 -31724 21629 23938 -1186 7389 -10811 10354 -24653 25939 61800 93295 60971 -72227 -34083 -19104 20244 3145 -23734 -41939 51324 1161 -16734 36484 -42322 -8522 -18139 7315 -15551 70992 -4179 4419 41321 19724 3694 -18795 37320 -125 21162 4951 18821 -13053 -41434 62154 -35467 16835 29345 35916 31274 36753 9346 -5341 -21082 40133 25439 -8783 7986 6097 35810 -13711 -78852 10216 -2775 -59931 86231 -7212 45 17183 -9318 922 -5601 -10667 -25632 25746 -47357 -28653 -22794 13549 42373 -6186 -9814 20531 -19845 -33291 -31728 34475 -34263 2371 -4557 -62355 301 13370 -14950 56528 -3062 33129 -90139 -21161 17830 10960 
9149 32158 33459 -1979 -16384 -38189 29700 38333 -9346 66237 -14889 -23222 14610 5241 -15121 9523 21484 -16236 -3508 2643 -1032 23462 4403 -5262 -45105 9099 -3268 -30316 11784 -18965 -31017 -83639 -43498 -75187 15254 -14835 57313 -42739 -77211 -11677 28799 25233 47653 -1756 9686 -9342 5065 35738 -22306 -32770 -1074 19748 53350 -16335 6457 -7288 -11880 -1020 17853 -38776 37451 -18471 10777 -58688 31579 14902 5975 -42473 -13500 -3606 -33862 10457 2457 -9086 53578 -16550 -7185 4435 -2921 44725 16398 31043 -25176 10329 7385 25558 27975 -18005 75413 961 -23312 50643 30738 42116 -57929 25585 23790 -30976 47948 -22078 
-50627 -78214 -10415 5450 6939 15214 12980 -25275 22949 8963 30262 -39036 -57836 22776 -2076 -33202 -1552 -25571 59182 43813 -80134 15236 -33397 40496 17245 -3706 -19655 -42740 -29066 -29120 46841 31366 -6254 63314 -2334 -15891 -28280 -45980 -13271 -9873 19047 2697 -29208 48272 48774 74926 29668 -64797 -21493 -73427 58918 -44144 1647 1362 15169 -38286 -10774 -5034 -3278 -32940 -2764 -5698 -2302 -31845 -6543 -29755 35 18578 -21294 -73027 51633 29540 2866 -32005 -52501 -26345 -9106 17996 39122 52943 33059 -33309 6166 -1391 -22319 68819 60267 29003 -11494 18789 11317 -29531 -41683 20031 21229 875 38521 -31193 -988 65943 
42846 -22419 65655 -10683 -13752 10857 20440 -67471 -7785 -6947 -25267 -10228 40892 -31534 -48723 -14467 -12493 -33299 -6249 -16616 9783 18623 19376 11812 19432 11112 9603 2529 -22573 42310 13303 -12560 -13204 25771 105172 -81150 42380 51901 -45400 30504 26289 32373 -39103 -20346 -19521 -28085 53015 69571 -15813 51951 -22413 8607 38975 -54071 3036 -17098 -5718 4118 -20351 -37857 -3696 -50526 -61082 -2159 13055 28880 4659 -18495 -58432 -10661 14686 34739 4626 -44937 6241 15311 -71909 15172 26086 4067 -17540 28688 10693 29438 52244 -22211 47926 4778 -10314 -39391 -5653 62096 23242 22863 -9032 -22996 3384 14738 -27976 -28908 
98003 28647 -646 -539 46472 43452 -20315 -24565 -38824 -18194 -33929 -30686 -1588 8596 -3331 -2763 -45818 51997 8432 -36626 -55765 -72293 670 -48075 -42587 -21825 -54500 -5952 -4983 45973 -5389 -71034 11320 -9611 -51481 12261 33352 -5813 112120 7880 38593 8726 -14007 20029 -63694 -21165 -15306 35077 -2215 37062 13922 -3409 -3088 -39577 -40895 -37457 -13528 32831 41945 10019 28728 22089 -1211 63143 7704 -777 34267 -49592 11980 38323 16548 -13335 76876 -10903 15788 10610 -33354 3220 -41336 -37805 19968 -2305 46575 -21841 -14565 -10744 46803 -14649 -22102 -4920 26970 28348 -40061 60892 23106 10942 -50834 47774 12881 54075 
-10190 19917 -90737 16414 3945 -5745 42391 -41757 50654 13339 17531 41952 5552 19468 -24954 4908 -7600 -38201 17495 307 -9847 1963 -14518 25528 -20663 -51221 -84698 -18324 1392 -21871 25611 -7060 -7496 1495 12430 -2008 9312 -53095 -14126 -46977 55366 -47750 -37187 28440 29721 58985 -8800 -15249 -27079 -38160 63981 8 -43655 58538 8946 52560 -21346 4882 -5263 -81433 -19192 20489 14359 -10712 -38799 4801 1747 -6973 843 3799 39637 -37461 -2778 -28745 1379 430 30261 8741 -5062 56188 55570 -15906 -28756 -53930 -9124 58772 35215 37351 -20462 13320 -3957 -38092 -21455 -60296 -15737 77749 -11260 -27298 65953 3967 
-32872 93291 -27049 35964 59379 -16483 -61822 14934 -21076 30531 -3126 3431 85422 5194 -26777 786 1159 -34037 14930 -32766 22088 58353 42857 14038 -24825 -10681 11885 16915 -58423 -60646 10778 -6170 18739 -42359 27107 -2942 -29069 -3799 139 2089 -1601 -30308 96805 -35558 -29781 8677 -57203 -2224 -34124 39974 -8991 52140 17961 94002 19372 22315 -27270 -15258 -76888 -1305 -61187 -12992 69847 -33620 33030 34531 36460 996 -21559 -5904 -55989 24708 -28596 -13384 -28153 11370 18082 -54127 -43447 -15847 -30300 64574 -5122 -27287 28474 1528 -36537 -83445 -17483 -61727 -21943 31486 24803 -5111 -30244 22317 74243 -71761 -10593 -73839 
72922 -3715 -30231 16528 14937 3823 6334 3112 -42473 7524 -71628 27775 -77999 16707 6676 72046 49065 -4024 -47137 -25434 33542 -9624 -11655 31305 674 -21625 -15181 -39024 -9469 30516 -13829 19070 -45980 -77967 83815 14225 -28109 70148 17906 9983 9600 39080 56001 -8981 -7715 -48601 32043 -7166 10649 13829 3290 26043 105291 16094 4744 -14533 20657 -25872 -29633 15878 -13801 17406 76900 2131 -25757 17247 55977 78301 5001 39191 -27065 -6572 -25825 24881 66698 -32750 -60470 -41390 20706 -43284 -14800 35354 2562 -47207 -10858 -31729 8523 -53676 3572 -16863 -36454 20556 24215 -25267 -10839 50681 -20287 -45201 -7997 -29768 
5498 49392 11288 50304 36800 -40593 -29333 21313 4762 8846 -30656 -34740 -16662 -16990 -999 15487 -32530 7542 18505 -40618 -940 13551 72913 -19258 -3761 -11067 -8755 -39721 27521 1428 -16664 -42631 -29614 -17843 -9012 -20915 14912 -10204 -6425 23654 -2399 -17953 25304 12207 39191 -19853 -31024 -30597 28289 -60936 51263 25437 49620 -29813 -36315 2668 -51410 -52216 -13029 7040 34927 -6070 -5567 11551 -4071 2511 6032 25940 -30539 -13846 57527 -8598 -13146 -23168 -10275 -28986 -4988 28516 4492 -38411 4243 11693 13731 -64682 26387 -15697 43215 -22434 20434 6040 20181 7916 -45337 7952 -62525 40891 40027 -28392 -47692 -22025 
49525 -40981 -1658 15369 -37000 -9980 18147 -12723 -2010 32081 12073 6254 -17088 -40287 33587 -11374 -4414 6143 -21697 -15757 37485 -10498 43895 60377 20763 -62674 8110 29745 12425 20032 45615 9413 41864 50174 15867 84780 10366 41119 -1888 -7675 13153 43494 -8087 38215 22779 -67749 20914 1021 28347 -68394 -35577 15066 -23596 -42031 -13712 -36938 -6026 13452 39545 -17097 68910 -14044 -2877 -50933 -8154 31759 -26429 -88171 16864 -18782 -13495 20269 -63918 50910 51862 58454 -15525 -27956 35756 -16655 -26096 -25095 24081 62874 -32023 -5747 -49298 -41397 -6128 -52360 42475 -20942 21277 -8308 25126 -4956 -20870 7821 -8239 10643 
-13307 -27178 -4590 9299 -32226 -57820 -16782 -32263 39969 51463 35718 5039 1705 15501 -31816 -42304 31621 -25912 -7459 21359 2231 26462 55023 23955 23681 -58725 14383 34220 8686 -9118 46567 5216 -13638 6031 -38440 -27248 -27883 22991 -39255 -65257 -9461 5856 20022 36623 31620 34296 -11808 -22981 -18437 -51471 -9470 25951 22233 -65106 -23853 4277 2999 -13593 -2486 26201 26867 -62264 33296 -32290 -8697 15322 -17098 23724 9856 12855 -57375 51122 -46877 -15139 -2251 26015 22510 12448 34565 73423 -63722 -32907 -26597 51175 -11143 -15521 7746 -1176 9252 -38868 13280 -20241 -8797 76856 -10776 -25534 96024 14712 30543 -11186 
41458 30661 16836 -30277 -32060 -29654 20558 -47332 56861 -22434 -36440 -12557 -27856 -5024 87860 -39048 9989 51969 58533 -31952 1488 40669 37269 -24230 -33573 -1775 11734 4991 50272 -18963 -19813 -13543 8603 17551 -20769 -44403 -37501 -10731 -8720 20188 -37779 -1906 -39933 54133 12789 49560 -4564 -61130 -21223 -7747 -10635 -7942 -56499 -21511 -42067 -52054 -33654 32450 -39982 -80292 8369 -16829 -35641 30989 -39425 -15416 -38608 -66043 -17063 -5109 29864 10304 -25920 -10707 -21587 2391 -11654 22491 -22445 52954 46146 -63149 26993 -40214 -8257 21988 -24696 18529 -52994 -6196 75241 -42121 -13705 83760 28629 9319 12427 18797 15676 28773 
-22225 -41117 43600 28590 21740 -5303 12238 -25539 5679 27113 25424 -3785 11262 -10908 10846 -25390 1614 6317 56772 20094 -42655 -29510 61528 -8807 -47003 25781 -9100 -125647 39071 3882 23402 -6138 -22812 -31897 -7797 10508 18471 10908 -32288 1459 -36572 -27794 -4438 -26851 -20254 2914 -7897 -1561 -12640 -32107 -588 52136 58360 -22517 10145 23280 48979 -8954 -37025 -58060 16989 -26770 -13412 1647 -4129 -48592 32031 -11993 -48552 -44062 -5183 -44285 -103124 17228 3516 -32402 -7237 -30402 23019 44334 -19173 -21911 -37953 16026 12373 11706 30111 66237 -1605 -26563 2030 -21963 42953 -5271 33146 42861 3745 50843 -14507 25983 
-26803 -72344 62468 -4344 56251 -76383 36145 -8242 958 10889 -4661 20503 37073 26286 -45774 -36148 -36973 45222 2249 37193 -25889 -26565 21060 -14167 20686 -4876 52147 -30861 -37334 5181 -77665 -45235 28411 9571 -12468 -70155 -96746 17637 32016 -13533 38795 -47301 -19003 8153 -6282 34061 -9530 32977 -38738 -86254 -3503 20004 9624 -36733 23392 59522 -26849 41889 58597 -4654 -130 -50668 -46968 -61668 -58124 45108 -952 21589 -17405 -30398 -545 -76409 616 12947 10711 -10950 -68508 35567 -19241 94275 -5477 1075 10918 42628 -28114 14246 30124 77476 -44048 -9040 -26091 -11510 42939 -30526 43490 -3779 37072 -16443 -27032 11215 
-4030 21746 1934 -50794 -200 -32865 11690 -39577 -1921 -28125 24115 5025 30295 -2756 -8191 41594 -77886 32864 -23713 18537 -26818 -11779 -5520 41427 8622 -4945 -5173 21386 -50141 -37275 911 12602 13503 -10447 29218 39106 4088 -20904 -73966 2930 41752 -19619 -19263 8612 24454 -18369 -2521 -17015 -14696 -17850 5068 -52597 18438 19121 48372 51162 40003 -59122 36564 1167 432 -47586 21927 -7294 -31354 32200 -45895 -19815 4631 -4867 -91658 19926 -26230 -550 -34261 -36050 -2482 7030 1701 -25713 -10708 -5499 15600 53609 -12455 -27018 -22884 48292 -10299 55526 60883 29039 -3116 -2861 24446 -44489 20272 -15900 18801 -28995 
-52390 11960 6129 -42112 -8061 15930 19246 32816 37174 26977 25915 -18759 8646 13920 13522 -2698 3422 21876 -27189 19543 24951 -1845 11511 30135 32306 9214 -14793 -11624 -33877 -72752 25435 20743 -2125 57592 6067 16627 51806 -42968 29342 -7308 7343 20387 10678 -48801 47806 82042 -20669 -19154 -29217 14729 -22396 -32985 -24045 19846 -4462 10937 13955 -37285 59786 -9098 -15972 8073 17785 -29339 17113 -41467 -47757 -25121 7409 27844 -18651 -4509 -13462 -13795 -50555 45 44398 2774 -22525 17293 -16157 51303 -1368 -20019 -43011 -15014 6192 17317 44384 43570 21651 -15538 20570 3669 12954 367 -8583 -7554 -25169 188 
11299 3118 -3745 31326 2927 30230 -38990 -1149 12113 -17654 -44220 -9885 9006 -41791 12471 27255 -14194 68938 -37462 24710 16315 -43884 3951 3457 -45216 21383 -1856 16378 32034 10459 21712 24017 -39076 19813 -23434 78011 5890 21596 6281 5052 -25431 -48772 48086 29108 -13856 30132 -22306 -28201 25655 18685 6429 -80873 -5636 54798 16322 33684 -28516 -96458 10388 -3378 -22089 -16184 -11691 38830 -55524 26313 -28386 -41968 29558 17264 11767 -22413 9845 12548 -11198 -266 -12561 20958 5457 -26815 -52042 -28399 -23214 -24766 -28987 -58498 -37629 35918 18109 8320 31820 49081 43246 -49585 49599 -15833 -11938 29897 4125 -9902 
-17436 63657 -36218 25273 4643 -66112 -45509 -49861 40976 -37918 1240 12799 40530 53076 26720 -20353 -8075 -10812 -28321 -15480 -62561 39656 18866 -17227 -29529 -25399 7267 58970 -15355 -51492 -119227 -44250 10235 -3813 -25863 -5089 -48761 -250 17409 56044 -32492 -59372 -12984 -40709 -46173 13737 -24068 25966 -13408 54107 -27678 -7298 52311 43758 -31910 29739 24659 11215 12739 -7060 -13988 23902 24515 -19752 13651 -43470 -49141 -48712 1739 -13494 11265 -31243 16076 35027 23835 18745 45308 -18453 29776 -35408 39183 9735 -49148 -45273 27328 -53835 16456 -6929 -36633 -53017 -27763 15264 -43896 -5567 18738 -5226 6071 6929 -12008 -25136 
-9903 -18653 -13635 5345 36499 15503 -23494 -6259 -30632 20394 -47766 40010 16952 11922 -47696 -85971 -47674 -39038 8188 -81859 45601 19398 73310 38482 18202 40988 -14717 -42040 -7557 -9964 -92422 -66992 -63389 37068 28548 -18298 33036 -45315 48433 19820 -22375 -71732 2256 -62876 1663 34920 -36093 25823 50614 37832 4388 -5140 -51059 23370 -33270 40084 -7925 -10614 -17014 -29861 7881 -33593 14379 4724 -4934 41097 22491 -23757 -23416 -87684 71935 -55417 8507 -22109 37924 -3125 -16024 -16594 -26793 -4670 -16117 -13893 2417 -37941 64324 24473 49764 -67595 59133 -9682 17598 8340 38779 44706 -5283 90173 -9072 -27080 5748 -21695 
-12924 82627 29279 92785 -10723 -42933 -16609 9185 -91922 -38219 -19552 1295 71020 -9436 2417 -2608 -15733 -13608 -68025 -17651 -15047 -35938 -46420 -38666 -52018 10165 30195 -5720 -16216 -13094 -32095 -30313 46958 -3454 2916 3592 -74399 -3651 -16219 9113 -72609 -41930 53727 15553 -63952 2604 39410 9639 13374 -9192 40643 8449 -35848 50257 47567 -31565 5210 -3250 -2254 14 -19346 46105 -12152 16394 1932 8363 -46141 29574 -16634 -49678 -12575 -40882 60943 57219 -34490 19234 46573 -3603 -281 8100 10165 87909 -58972 10722 -31965 17678 -23893 -42 30773 -4202 -32564 -5070 17910 -24623 3507 -12750 -27742 -1322 72273 -9218 
4159 -17855 21158 -81040 -25524 25495 29951 -25957 55117 -48127 -8509 11006 -13565 40745 14438 -28741 -11023 63923 -12763 -125 2724 -17544 10586 38683 23609 33864 49820 -10760 60604 1498 58927 40018 70237 25170 -45750 -944 7944 35785 37765 41104 -26349 -34509 2737 -55350 51904 11797 41993 270 523 43015 -8985 21328 -2358 -17273 -5310 59365 15592 40017 -22321 -39651 -16507 1406 -36751 62286 -13953 -18925 -14826 -33354 7605 82516 -41377 13732 -16555 13442 -63799 -23339 -7616 13474 -45916 18221 -42750 -1378 6941 39067 -30404 -23958 -10231 73811 19472 1726 37693 -49048 -1663 19048 49345 -40327 16865 26646 -42612 -25175 
8116 3061 358 23871 29650 -17245 45865 52398 -20395 -18648 22354 -24027 27257 -54417 -47426 12840 -47398 -95802 40573 -25922 13674 -31258 -72823 -48221 12716 24938 1763 -46179 -20991 -2219 -11384 -5328 -3083 -11320 -5398 -15206 -10377 -56488 37320 7587 29746 -46049 19507 7768 30623 6026 -1321 51594 -7599 -37498 2079 22757 -21245 84813 -475 11668 10410 -21805 -9687 -3787 -10576 -19837 -34987 -14849 -62855 47902 -128 -664 12095 71186 34661 -24116 -17437 2874 4900 -51440 -7054 -28344 -66963 10129 -40136 17115 43583 7161 -25776 -515 -10551 -15728 -44683 46370 37395 6469 39355 3128 21981 18032 53645 59 19050 43704 
14613 -27573 40416 25804 22824 -15343 59362 50326 49355 8715 -2120 30503 10022 17493 44419 4204 -28765 -37595 8488 -30899 14051 36487 -24677 38423 12326 -38158 23640 18956 -48170 74027 -9806 15568 18983 11944 -38880 -37346 -14831 57719 -33844 6033 -5732 41921 1694 44857 -8080 -51269 60674 -16538 -42152 -23062 -12601 80552 1889 -33945 -11509 7443 -2174 -920 -60682 -52678 13770 6606 -46128 18580 -25930 8723 20445 -1597 -11562 70676 -9451 35974 -25708 436 -35688 -41074 -6656 -39159 16778 -65644 38940 -13997 37648 -27639 6003 -35614 -14026 60315 -42067 -38765 -61819 -1664 -9261 8876 -6120 6654 -629 39457 -28682 -55879 
30236 -37170 -84730 -49370 -22061 -31133 19211 -30408 -6754 -16551 -12360 -36453 39051 -15961 25337 -69660 -5570 8826 18423 43868 -2965 15858 -15944 8070 9248 -12693 -19981 5229 18003 65183 -24947 1962 -61153 -30144 2331 28918 -37123 -50547 -30765 -250 -326 54703 25218 10575 -14534 -20433 2391 12886 1624 -46540 17479 11939 -7349 18978 37553 -8833 27067 31475 13912 41831 82740 49225 -1030 14392 29680 37328 3819 8281 -9808 -40102 -20058 14994 -44871 -32667 -19331 -64287 6458 -2417 6502 -28708 -82088 27058 -14974 10269 3322 -16524 -9048 -48359 -5431 -34883 -28943 36697 -1963 6460 35540 -38311 24514 -15281 -67440 11507 
11213 65914 -8985 24378 61380 75367 11104 30068 -36676 -67877 -39315 -20104 -16487 -662 -16293 69297 51951 52657 4451 2458 52766 -14539 27207 22873 -46723 -19380 566 -25436 21914 -8739 9438 67988 33929 24470 14158 -6287 -32394 -3429 21611 26194 -22676 -23386 -6087 -36764 35923 -42446 -29685 -56211 34219 -7893 77064 -24916 -2920 4325 39538 14444 -58861 -32528 -18758 -25739 -8941 8174 48502 74998 14468 -3767 -10367 14192 10746 -54540 -18616 45048 5768 3791 41785 38689 12495 64966 -24297 1915 -21230 -14739 -7529 33234 -26243 -27093 -35412 -11157 -4847 9827 53801 -42247 -17813 -11089 20466 24154 45650 -38288 -2036 -29485 
52333 20273 -54762 -20252 58 3255 -10878 33896 -27248 29996 48856 -35676 13400 -9981 -12772 60940 5771 32200 -22402 -20234 62533 -19696 -16214 -29829 -5908 -31 10377 2062 26452 -6111 -19950 31435 -16730 -80110 -17293 -18529 -4004 3080 24917 22314 -7307 49780 17597 10304 18099 -23329 43703 -18624 -40658 68009 -33115 41985 22346 26247 30358 -32080 87446 24326 -15848 47043 4065 -7623 9478 -57778 64071 -40814 3579 40013 31498 21278 47932 -26130 11213 3908 49910 53893 3073 -21563 37463 -74255 -64543 -49274 43383 -39679 -13567 3475 -57690 -25283 -15817 -48318 -21734 -52219 -77897 -25779 -73076 -22235 3221 -4217 -11285 -38686 
9487 31260 -8274 65250 38346 -39842 70621 4259 44412 17169 -47194 -63571 2785 -19871 40002 12213 17615 73404 -1690 14590 -20430 -21881 -43933 -12881 27258 -43990 -34964 69652 14692 -23761 -24180 -1352 -13289 -17029 -18030 -19178 -8454 -50988 35237 -16596 -30193 -10694 -7230 -7318 15810 5680 -59478 27804 -63360 17643 -7105 -10096 20142 -2274 -53949 -3106 6477 -60443 19305 6099 31937 -5977 -6956 42312 -36424 9596 -126442 31565 24319 13656 37653 -62505 -11222 15317 7033 50948 17484 18306 -46320 -8704 13985 26494 -60678 -15782 -7213 -7167 53364 -11144 -41592 -50913 -1377 23630 38122 -126 15587 -49899 9402 -21918 -1843 48303 
2557 -20679 24917 -35352 -20265 -33543 -142 -9096 -29577 -41258 11554 24874 13252 21760 19043 20379 -62909 30952 34440 -31985 34449 28662 -43488 -17767 13297 70561 14394 -34386 -1091 -10686 -17301 -12104 -23696 -33483 25117 -30785 17158 12502 32290 38823 40518 -47754 -16321 -3452 38745 -35616 59413 -8849 22685 63635 -38455 -51833 -22864 -660 -5045 14187 -23030 14494 -24841 47590 4503 -7063 -70445 10555 -5965 16292 32821 29910 -2204 -46181 30853 -12191 22026 -17789 -4125 -12961 -12485 10845 15332 -29701 5249 -88553 42774 28929 14302 -12300 -21364 -29241 19889 18474 83979 26218 -24273 12236 17952 3475 3803 49322 45861 -1826 
16126 18475 48158 758 4902 -50257 10770 -46833 16598 29752 -2887 4810 -24979 -38934 -74375 17770 54281 -58765 -11301 -15124 -12855 -16115 -3514 -25253 -6134 160 31259 -18986 -1983 29351 4698 25112 510 -74053 10722 -38607 -29764 3800 -25439 -29867 -29462 5609 -15714 -22482 -50148 -2789 31242 -19548 35103 14479 -4990 51728 14941 -32836 36323 -12701 -74038 -5550 -52632 16438 -62414 17850 28224 -37407 39960 -45427 -8747 47012 -62121 4226 -3974 -45311 -34129 15639 -17183 -41329 3515 -5505 11147 -63743 -15240 6822 43653 7607 36124 42840 -44179 -19891 -71301 -25255 -25326 7460 -25459 -4565 22558 -8614 -4366 -20942 -45846 -88468 
